epoch 	 scene 	 val_loss 	 click_auc 	 like_auc 	 follow_auc 	 5s_auc 	 10s_auc 	 18s_auc
1	total scene	4.0420	0.5450	0.4920	0.4580	0.5490	0.5370	0.5430
1	scene 1	4.3510	0.5100	0.4890	0.7780	0.4980	0.5010	0.5040
1	scene 2	4.3510	0.5160	0.4900	0.4540	0.5130	0.5140	0.5220
1	scene 3	4.3510	0.5050	0.4530	0.4710	0.5120	0.5080	0.5070
1	scene 4	4.3510	0.5170	0.5260	0.4660	0.5110	0.5070	0.5070
2	total scene	2.7620	0.5530	0.5160	0.5190	0.5590	0.5530	0.5540
2	scene 1	2.8100	0.4910	0.4930	0.4740	0.4990	0.4970	0.5060
2	scene 2	2.8100	0.5200	0.4840	0.4890	0.5160	0.5220	0.5300
2	scene 3	2.8100	0.5190	0.4320	0.4990	0.5290	0.5140	0.5210
2	scene 4	2.8100	0.5000	0.4910	0.7000	0.5030	0.5030	0.5030
3	total scene	2.7580	0.5590	0.5170	0.5240	0.5620	0.5590	0.5570
3	scene 1	2.7630	0.5090	0.4550	0.3940	0.4910	0.4950	0.5040
3	scene 2	2.7630	0.5230	0.4830	0.5050	0.5190	0.5270	0.5320
3	scene 3	2.7630	0.5310	0.5290	0.5300	0.5380	0.5330	0.5450
3	scene 4	2.7630	0.5190	0.4800	0.5920	0.5180	0.5130	0.5130
4	total scene	2.7520	0.5680	0.5190	0.5430	0.5740	0.5630	0.5640
4	scene 1	2.7580	0.5030	0.4420	0.3380	0.5000	0.5100	0.5180
4	scene 2	2.7580	0.5250	0.4820	0.5310	0.5200	0.5260	0.5340
4	scene 3	2.7580	0.5320	0.4860	0.4070	0.5360	0.5240	0.5330
4	scene 4	2.7580	0.5170	0.4950	0.6170	0.5120	0.5120	0.5120
5	total scene	2.7470	0.5740	0.5220	0.5290	0.5800	0.5710	0.5680
5	scene 1	2.7520	0.5110	0.4910	0.7940	0.5120	0.5130	0.5220
5	scene 2	2.7520	0.5290	0.4850	0.5010	0.5260	0.5310	0.5370
5	scene 3	2.7520	0.5430	0.5060	0.4950	0.5400	0.5380	0.5370
5	scene 4	2.7520	0.5230	0.4710	0.6220	0.5180	0.5150	0.5150
6	total scene	2.7410	0.5820	0.5200	0.5430	0.5890	0.5790	0.5760
6	scene 1	2.7460	0.5090	0.4560	0.8180	0.5040	0.5010	0.5090
6	scene 2	2.7460	0.5320	0.4830	0.5270	0.5290	0.5340	0.5420
6	scene 3	2.7460	0.5400	0.4310	0.4290	0.5420	0.5430	0.5320
6	scene 4	2.7460	0.5350	0.4960	0.4910	0.5330	0.5310	0.5310
7	total scene	2.7290	0.5900	0.5220	0.5500	0.5970	0.5870	0.5860
7	scene 1	2.7360	0.5140	0.4980	0.7210	0.5160	0.5190	0.5330
7	scene 2	2.7360	0.5400	0.4820	0.5300	0.5350	0.5420	0.5500
7	scene 3	2.7360	0.5420	0.5020	0.4950	0.5410	0.5420	0.5430
7	scene 4	2.7360	0.5230	0.5100	0.4970	0.5180	0.5200	0.5200
8	total scene	2.7190	0.5990	0.5220	0.5550	0.6050	0.5950	0.5940
8	scene 1	2.7260	0.5080	0.4660	0.3250	0.5010	0.4980	0.5110
8	scene 2	2.7260	0.5440	0.4800	0.5250	0.5380	0.5450	0.5530
8	scene 3	2.7260	0.5540	0.4410	0.4550	0.5480	0.5550	0.5520
8	scene 4	2.7260	0.5350	0.4930	0.7310	0.5300	0.5280	0.5280
9	total scene	2.7080	0.6060	0.5260	0.5360	0.6130	0.6030	0.6000
9	scene 1	2.7140	0.5110	0.4890	0.3700	0.5070	0.5060	0.5300
9	scene 2	2.7140	0.5490	0.4840	0.5090	0.5430	0.5520	0.5600
9	scene 3	2.7140	0.5640	0.4600	0.4540	0.5580	0.5640	0.5580
9	scene 4	2.7140	0.5330	0.5190	0.5530	0.5310	0.5270	0.5270
10	total scene	2.7050	0.6080	0.5250	0.5630	0.6120	0.6050	0.6050
10	scene 1	2.7050	0.5110	0.5130	0.1560	0.5140	0.5160	0.5240
10	scene 2	2.7050	0.5490	0.4820	0.5340	0.5400	0.5520	0.5620
10	scene 3	2.7050	0.5610	0.4400	0.5190	0.5590	0.5650	0.5660
10	scene 4	2.7050	0.5360	0.4830	0.6670	0.5310	0.5330	0.5330
11	total scene	2.6900	0.6170	0.5250	0.5420	0.6250	0.6130	0.6110
11	scene 1	2.6940	0.5030	0.4880	0.2120	0.4980	0.4960	0.5200
11	scene 2	2.6940	0.5550	0.4790	0.5140	0.5500	0.5580	0.5660
11	scene 3	2.6940	0.5660	0.4330	0.4440	0.5600	0.5650	0.5660
11	scene 4	2.6940	0.5380	0.4990	0.4860	0.5360	0.5400	0.5400
12	total scene	2.6760	0.6240	0.5180	0.5590	0.6310	0.6220	0.6200
12	scene 1	2.6800	0.5070	0.4360	0.4740	0.5040	0.5070	0.5230
12	scene 2	2.6800	0.5620	0.4770	0.5320	0.5540	0.5650	0.5730
12	scene 3	2.6800	0.5700	0.4860	0.3690	0.5710	0.5760	0.5720
12	scene 4	2.6800	0.5580	0.4820	0.6390	0.5540	0.5560	0.5560
13	total scene	2.6730	0.6270	0.5320	0.5350	0.6370	0.6270	0.6260
13	scene 1	2.6690	0.5170	0.4840	0.2800	0.5150	0.5200	0.5470
13	scene 2	2.6690	0.5640	0.4830	0.4820	0.5590	0.5700	0.5790
13	scene 3	2.6690	0.5690	0.4580	0.4260	0.5680	0.5760	0.5740
13	scene 4	2.6690	0.5470	0.5140	0.7760	0.5450	0.5460	0.5460
14	total scene	2.6510	0.6350	0.5290	0.5500	0.6430	0.6340	0.6330
14	scene 1	2.6610	0.5200	0.4750	0.4880	0.5190	0.5290	0.5520
14	scene 2	2.6610	0.5700	0.4770	0.4940	0.5620	0.5740	0.5840
14	scene 3	2.6610	0.5830	0.4840	0.5670	0.5850	0.5920	0.5940
14	scene 4	2.6610	0.5570	0.5280	0.7300	0.5530	0.5560	0.5560
15	total scene	2.6500	0.6360	0.5370	0.5410	0.6430	0.6360	0.6340
15	scene 1	2.6500	0.5270	0.5260	0.3490	0.5200	0.5210	0.5400
15	scene 2	2.6500	0.5710	0.4880	0.4990	0.5630	0.5760	0.5850
15	scene 3	2.6500	0.5800	0.4830	0.4210	0.5790	0.5840	0.5850
15	scene 4	2.6500	0.5600	0.5020	0.6310	0.5560	0.5610	0.5610
16	total scene	2.6340	0.6420	0.5370	0.5680	0.6500	0.6410	0.6390
16	scene 1	2.6370	0.5160	0.4960	0.2260	0.5130	0.5150	0.5240
16	scene 2	2.6370	0.5750	0.4870	0.5260	0.5670	0.5790	0.5880
16	scene 3	2.6370	0.5810	0.4660	0.5170	0.5790	0.5850	0.5890
16	scene 4	2.6370	0.5600	0.5190	0.6670	0.5570	0.5650	0.5650
17	total scene	2.6230	0.6460	0.5290	0.5640	0.6550	0.6460	0.6450
17	scene 1	2.6270	0.5180	0.4680	0.3770	0.5170	0.5210	0.5450
17	scene 2	2.6270	0.5780	0.4860	0.5430	0.5710	0.5840	0.5940
17	scene 3	2.6270	0.5920	0.4650	0.4410	0.5940	0.6050	0.6000
17	scene 4	2.6270	0.5740	0.5050	0.4480	0.5690	0.5730	0.5730
18	total scene	2.6180	0.6490	0.5350	0.5450	0.6570	0.6490	0.6480
18	scene 1	2.6170	0.5240	0.5070	0.7180	0.5190	0.5250	0.5450
18	scene 2	2.6170	0.5810	0.4820	0.5090	0.5720	0.5860	0.5960
18	scene 3	2.6170	0.5870	0.4810	0.4160	0.5970	0.5990	0.6040
18	scene 4	2.6170	0.5610	0.5300	0.6160	0.5570	0.5620	0.5620
19	total scene	2.6050	0.6530	0.5390	0.5460	0.6610	0.6530	0.6520
19	scene 1	2.6070	0.5210	0.4800	0.2090	0.5240	0.5280	0.5520
19	scene 2	2.6070	0.5840	0.4880	0.5040	0.5750	0.5890	0.6000
19	scene 3	2.6070	0.5950	0.4680	0.4280	0.5980	0.6060	0.6130
19	scene 4	2.6070	0.5650	0.4870	0.5890	0.5630	0.5700	0.5700
20	total scene	2.5970	0.6570	0.5450	0.5650	0.6640	0.6560	0.6560
20	scene 1	2.5980	0.5250	0.4790	0.6640	0.5170	0.5290	0.5520
20	scene 2	2.5980	0.5880	0.4950	0.5270	0.5790	0.5940	0.6050
20	scene 3	2.5980	0.5960	0.4680	0.4420	0.5920	0.6020	0.6030
20	scene 4	2.5980	0.5710	0.4860	0.6100	0.5680	0.5750	0.5750
21	total scene	2.5980	0.6570	0.5420	0.5840	0.6620	0.6570	0.6580
21	scene 1	2.5890	0.5260	0.4920	0.6240	0.5200	0.5300	0.5570
21	scene 2	2.5890	0.5880	0.4920	0.5290	0.5770	0.5930	0.6060
21	scene 3	2.5890	0.6030	0.5310	0.5450	0.5950	0.6080	0.6110
21	scene 4	2.5890	0.5710	0.5110	0.7020	0.5660	0.5790	0.5790
22	total scene	2.5760	0.6640	0.5460	0.5500	0.6720	0.6640	0.6640
22	scene 1	2.5810	0.5390	0.4840	0.5120	0.5410	0.5560	0.5860
22	scene 2	2.5810	0.5940	0.4950	0.5090	0.5860	0.6000	0.6120
22	scene 3	2.5810	0.6100	0.5150	0.4130	0.6080	0.6170	0.6220
22	scene 4	2.5810	0.5810	0.4990	0.5210	0.5760	0.5830	0.5830
23	total scene	2.5760	0.6660	0.5470	0.5390	0.6740	0.6660	0.6650
23	scene 1	2.5710	0.5240	0.5570	0.2990	0.5290	0.5400	0.5650
23	scene 2	2.5710	0.5970	0.4960	0.4890	0.5880	0.6020	0.6130
23	scene 3	2.5710	0.6120	0.4790	0.4620	0.6090	0.6200	0.6270
23	scene 4	2.5710	0.5770	0.5310	0.5620	0.5750	0.5800	0.5800
24	total scene	2.5680	0.6660	0.5510	0.5810	0.6750	0.6680	0.6690
24	scene 1	2.5640	0.5310	0.4950	0.3660	0.5280	0.5360	0.5610
24	scene 2	2.5640	0.5970	0.4990	0.5440	0.5880	0.6040	0.6180
24	scene 3	2.5640	0.5950	0.5440	0.4860	0.5980	0.6060	0.6120
24	scene 4	2.5640	0.5820	0.4910	0.6240	0.5770	0.5860	0.5860
25	total scene	2.5720	0.6670	0.5610	0.5900	0.6750	0.6710	0.6700
25	scene 1	2.5550	0.5320	0.4950	0.4900	0.5320	0.5380	0.5670
25	scene 2	2.5550	0.5970	0.5100	0.5540	0.5880	0.6070	0.6180
25	scene 3	2.5550	0.6010	0.4940	0.4490	0.6040	0.6130	0.6150
25	scene 4	2.5550	0.5760	0.5230	0.6440	0.5770	0.5870	0.5870
26	total scene	2.5460	0.6730	0.5530	0.5750	0.6810	0.6750	0.6770
26	scene 1	2.5500	0.5390	0.5250	0.6080	0.5460	0.5550	0.5810
26	scene 2	2.5500	0.6040	0.5010	0.5270	0.5940	0.6120	0.6250
26	scene 3	2.5500	0.6160	0.5150	0.4810	0.6120	0.6210	0.6260
26	scene 4	2.5500	0.5800	0.5160	0.6370	0.5770	0.5880	0.5880
27	total scene	2.5410	0.6750	0.5570	0.5930	0.6830	0.6780	0.6770
27	scene 1	2.5420	0.5300	0.5100	0.0270	0.5370	0.5450	0.5760
27	scene 2	2.5420	0.6060	0.5040	0.5360	0.5970	0.6150	0.6250
27	scene 3	2.5420	0.6130	0.5180	0.5920	0.6150	0.6280	0.6330
27	scene 4	2.5420	0.5870	0.5090	0.6480	0.5830	0.5930	0.5930
28	total scene	2.5350	0.6770	0.5610	0.5970	0.6840	0.6810	0.6810
28	scene 1	2.5350	0.5330	0.5070	0.6780	0.5360	0.5460	0.5750
28	scene 2	2.5350	0.6080	0.5110	0.5570	0.5980	0.6180	0.6300
28	scene 3	2.5350	0.6100	0.4690	0.4770	0.6180	0.6220	0.6270
28	scene 4	2.5350	0.5890	0.5310	0.6090	0.5880	0.6000	0.6000
29	total scene	2.5340	0.6790	0.5600	0.6030	0.6870	0.6820	0.6830
29	scene 1	2.5280	0.5460	0.5640	0.6910	0.5450	0.5570	0.5770
29	scene 2	2.5280	0.6100	0.5050	0.5760	0.6010	0.6180	0.6310
29	scene 3	2.5280	0.6220	0.4930	0.4640	0.6220	0.6350	0.6380
29	scene 4	2.5280	0.5840	0.5470	0.5330	0.5820	0.5950	0.5950
30	total scene	2.5360	0.6810	0.5640	0.5750	0.6880	0.6840	0.6850
30	scene 1	2.5220	0.5330	0.5130	0.2740	0.5320	0.5460	0.5730
30	scene 2	2.5220	0.6120	0.5150	0.5120	0.6020	0.6200	0.6340
30	scene 3	2.5220	0.6190	0.5070	0.5550	0.6200	0.6290	0.6350
30	scene 4	2.5220	0.5930	0.5070	0.7490	0.5890	0.6010	0.6010
31	total scene	2.5210	0.6820	0.5600	0.5960	0.6900	0.6860	0.6880
31	scene 1	2.5180	0.5490	0.5130	0.2320	0.5450	0.5570	0.5780
31	scene 2	2.5180	0.6130	0.5080	0.5760	0.6040	0.6220	0.6360
31	scene 3	2.5180	0.6320	0.4830	0.4590	0.6320	0.6430	0.6420
31	scene 4	2.5180	0.5950	0.5280	0.3880	0.5930	0.6050	0.6050
32	total scene	2.5160	0.6840	0.5630	0.5750	0.6910	0.6880	0.6900
32	scene 1	2.5120	0.5440	0.4950	0.3930	0.5480	0.5670	0.6060
32	scene 2	2.5120	0.6160	0.5120	0.5270	0.6050	0.6250	0.6380
32	scene 3	2.5120	0.6340	0.5230	0.5090	0.6320	0.6460	0.6490
32	scene 4	2.5120	0.5930	0.5160	0.6180	0.5890	0.6040	0.6040
33	total scene	2.5150	0.6850	0.5660	0.5820	0.6910	0.6890	0.6920
33	scene 1	2.5060	0.5530	0.5380	0.5100	0.5550	0.5630	0.5990
33	scene 2	2.5060	0.6160	0.5130	0.5290	0.6040	0.6260	0.6400
33	scene 3	2.5060	0.6310	0.5480	0.5210	0.6340	0.6440	0.6470
33	scene 4	2.5060	0.5950	0.5370	0.6300	0.5940	0.6020	0.6020
34	total scene	2.5070	0.6880	0.5630	0.6040	0.6950	0.6910	0.6940
34	scene 1	2.5010	0.5450	0.4830	0.7410	0.5480	0.5580	0.5830
34	scene 2	2.5010	0.6200	0.5090	0.5420	0.6090	0.6280	0.6430
34	scene 3	2.5010	0.6230	0.5380	0.5830	0.6260	0.6340	0.6410
34	scene 4	2.5010	0.6010	0.5550	0.7950	0.5980	0.6120	0.6120
35	total scene	2.5050	0.6880	0.5640	0.5910	0.6950	0.6920	0.6960
35	scene 1	2.4970	0.5510	0.5180	0.7300	0.5540	0.5650	0.5870
35	scene 2	2.4970	0.6200	0.5120	0.5480	0.6090	0.6280	0.6440
35	scene 3	2.4970	0.6270	0.5180	0.5250	0.6220	0.6360	0.6480
35	scene 4	2.4970	0.6040	0.5380	0.6090	0.6010	0.6160	0.6160
36	total scene	2.4990	0.6910	0.5680	0.5960	0.6980	0.6950	0.6990
36	scene 1	2.4910	0.5400	0.5000	0.1640	0.5450	0.5550	0.5850
36	scene 2	2.4910	0.6240	0.5160	0.5570	0.6130	0.6330	0.6470
36	scene 3	2.4910	0.6210	0.5370	0.5140	0.6240	0.6330	0.6460
36	scene 4	2.4910	0.6030	0.5520	0.5510	0.6000	0.6160	0.6160
37	total scene	2.4970	0.6910	0.5740	0.5940	0.6980	0.6960	0.6980
37	scene 1	2.4880	0.5460	0.5410	0.5640	0.5460	0.5620	0.5870
37	scene 2	2.4880	0.6230	0.5250	0.5480	0.6130	0.6330	0.6460
37	scene 3	2.4880	0.6290	0.5230	0.4370	0.6300	0.6430	0.6500
37	scene 4	2.4880	0.6050	0.5340	0.7430	0.6020	0.6190	0.6190
38	total scene	2.4930	0.6930	0.5680	0.5930	0.6990	0.6980	0.7000
38	scene 1	2.4820	0.5540	0.4800	0.6810	0.5600	0.5700	0.5990
38	scene 2	2.4820	0.6250	0.5170	0.5400	0.6130	0.6340	0.6480
38	scene 3	2.4820	0.6360	0.5240	0.5540	0.6340	0.6480	0.6560
38	scene 4	2.4820	0.6120	0.5410	0.5720	0.6080	0.6230	0.6230
39	total scene	2.4880	0.6950	0.5710	0.5830	0.7020	0.7000	0.7040
39	scene 1	2.4790	0.5490	0.5400	0.4080	0.5440	0.5660	0.5900
39	scene 2	2.4790	0.6270	0.5190	0.5360	0.6160	0.6360	0.6510
39	scene 3	2.4790	0.6400	0.5570	0.5410	0.6440	0.6590	0.6700
39	scene 4	2.4790	0.6130	0.5520	0.5350	0.6100	0.6250	0.6250
40	total scene	2.4880	0.6950	0.5780	0.6000	0.7020	0.7000	0.7040
40	scene 1	2.4750	0.5530	0.5080	0.4610	0.5590	0.5700	0.5980
40	scene 2	2.4750	0.6270	0.5300	0.5560	0.6160	0.6360	0.6510
40	scene 3	2.4750	0.6500	0.5060	0.5150	0.6460	0.6600	0.6660
40	scene 4	2.4750	0.6110	0.5500	0.5900	0.6080	0.6220	0.6220
41	total scene	2.4840	0.6970	0.5780	0.5830	0.7030	0.7020	0.7050
41	scene 1	2.4710	0.5520	0.5410	0.2060	0.5630	0.5810	0.6080
41	scene 2	2.4710	0.6300	0.5270	0.5310	0.6180	0.6390	0.6530
41	scene 3	2.4710	0.6400	0.5370	0.5120	0.6350	0.6490	0.6590
41	scene 4	2.4710	0.6130	0.5680	0.6150	0.6080	0.6250	0.6250
42	total scene	2.4770	0.7010	0.5780	0.5920	0.7070	0.7050	0.7080
42	scene 1	2.4670	0.5650	0.5580	0.2930	0.5640	0.5780	0.6050
42	scene 2	2.4670	0.6350	0.5280	0.5410	0.6240	0.6430	0.6570
42	scene 3	2.4670	0.6390	0.5620	0.5640	0.6420	0.6520	0.6590
42	scene 4	2.4670	0.6110	0.5530	0.5910	0.6070	0.6220	0.6220
43	total scene	2.4720	0.7010	0.5750	0.6000	0.7080	0.7070	0.7100
43	scene 1	2.4650	0.5590	0.5600	0.7570	0.5660	0.5820	0.5990
43	scene 2	2.4650	0.6350	0.5250	0.5440	0.6240	0.6450	0.6590
43	scene 3	2.4650	0.6490	0.5200	0.5600	0.6510	0.6600	0.6730
43	scene 4	2.4650	0.6130	0.5610	0.6740	0.6090	0.6230	0.6230
44	total scene	2.4820	0.7020	0.5690	0.5880	0.7080	0.7070	0.7110
44	scene 1	2.4610	0.5520	0.4940	0.5420	0.5480	0.5690	0.6040
44	scene 2	2.4610	0.6360	0.5180	0.5330	0.6230	0.6450	0.6590
44	scene 3	2.4610	0.6460	0.5140	0.5530	0.6490	0.6600	0.6710
44	scene 4	2.4610	0.6180	0.5610	0.6340	0.6170	0.6280	0.6280
45	total scene	2.4760	0.7020	0.5740	0.6050	0.7080	0.7070	0.7110
45	scene 1	2.4580	0.5520	0.5210	0.1520	0.5560	0.5690	0.5840
45	scene 2	2.4580	0.6360	0.5250	0.5700	0.6240	0.6450	0.6610
45	scene 3	2.4580	0.6470	0.5030	0.4660	0.6440	0.6630	0.6700
45	scene 4	2.4580	0.6180	0.5530	0.5780	0.6140	0.6300	0.6300
46	total scene	2.4700	0.7030	0.5750	0.5830	0.7090	0.7070	0.7110
46	scene 1	2.4550	0.5480	0.5010	0.6230	0.5550	0.5670	0.5940
46	scene 2	2.4550	0.6370	0.5260	0.5270	0.6260	0.6450	0.6600
46	scene 3	2.4550	0.6400	0.4970	0.5010	0.6400	0.6470	0.6630
46	scene 4	2.4550	0.6150	0.5510	0.6890	0.6140	0.6290	0.6290
47	total scene	2.4700	0.7050	0.5690	0.6220	0.7110	0.7110	0.7150
47	scene 1	2.4520	0.5590	0.5050	0.6510	0.5640	0.5720	0.5900
47	scene 2	2.4520	0.6400	0.5200	0.5890	0.6280	0.6500	0.6640
47	scene 3	2.4520	0.6440	0.5460	0.4860	0.6480	0.6620	0.6720
47	scene 4	2.4520	0.6190	0.5180	0.5960	0.6190	0.6320	0.6320
48	total scene	2.4620	0.7050	0.5800	0.6000	0.7120	0.7110	0.7140
48	scene 1	2.4490	0.5420	0.5060	0.0960	0.5430	0.5580	0.5840
48	scene 2	2.4490	0.6400	0.5320	0.5560	0.6290	0.6490	0.6630
48	scene 3	2.4490	0.6510	0.5410	0.5190	0.6560	0.6700	0.6770
48	scene 4	2.4490	0.6170	0.5510	0.5980	0.6150	0.6300	0.6300
49	total scene	2.4580	0.7060	0.5760	0.6050	0.7130	0.7120	0.7160
49	scene 1	2.4470	0.5590	0.4810	0.4450	0.5650	0.5750	0.5960
49	scene 2	2.4470	0.6410	0.5280	0.5600	0.6300	0.6510	0.6650
49	scene 3	2.4470	0.6490	0.5070	0.5160	0.6540	0.6660	0.6760
49	scene 4	2.4470	0.6230	0.5460	0.6100	0.6230	0.6350	0.6350
50	total scene	2.4510	0.7100	0.5860	0.6160	0.7150	0.7150	0.7190
50	scene 1	2.4430	0.5650	0.5450	0.1730	0.5750	0.5850	0.6180
50	scene 2	2.4430	0.6460	0.5400	0.5720	0.6330	0.6540	0.6690
50	scene 3	2.4430	0.6550	0.5450	0.4940	0.6550	0.6730	0.6820
50	scene 4	2.4430	0.6220	0.5340	0.7490	0.6190	0.6350	0.6350
51	total scene	2.4530	0.7080	0.5880	0.5860	0.7140	0.7140	0.7180
51	scene 1	2.4400	0.5590	0.5170	0.8280	0.5740	0.5860	0.6140
51	scene 2	2.4400	0.6430	0.5400	0.5280	0.6310	0.6530	0.6680
51	scene 3	2.4400	0.6500	0.5560	0.4840	0.6500	0.6620	0.6710
51	scene 4	2.4400	0.6290	0.5710	0.7650	0.6280	0.6410	0.6410
52	total scene	2.4510	0.7100	0.5790	0.6030	0.7160	0.7150	0.7190
52	scene 1	2.4390	0.5560	0.5250	0.6380	0.5670	0.5850	0.6110
52	scene 2	2.4390	0.6440	0.5320	0.5730	0.6330	0.6530	0.6670
52	scene 3	2.4390	0.6620	0.5280	0.4360	0.6640	0.6800	0.6890
52	scene 4	2.4390	0.6310	0.5430	0.6040	0.6290	0.6410	0.6410
53	total scene	2.4510	0.7110	0.5890	0.6060	0.7170	0.7170	0.7210
53	scene 1	2.4350	0.5650	0.5280	0.1550	0.5730	0.5810	0.6120
53	scene 2	2.4350	0.6460	0.5410	0.5680	0.6350	0.6560	0.6710
53	scene 3	2.4350	0.6650	0.5690	0.4860	0.6580	0.6750	0.6820
53	scene 4	2.4350	0.6200	0.5750	0.6090	0.6190	0.6350	0.6350
54	total scene	2.4480	0.7100	0.5760	0.6380	0.7160	0.7160	0.7210
54	scene 1	2.4320	0.5660	0.5330	0.7240	0.5770	0.5880	0.6140
54	scene 2	2.4320	0.6450	0.5280	0.6030	0.6340	0.6540	0.6700
54	scene 3	2.4320	0.6590	0.5530	0.5170	0.6610	0.6730	0.6800
54	scene 4	2.4320	0.6270	0.5380	0.6540	0.6230	0.6370	0.6370
55	total scene	2.4520	0.7090	0.5840	0.5720	0.7160	0.7160	0.7200
55	scene 1	2.4300	0.5650	0.5650	0.6600	0.5720	0.5930	0.6240
55	scene 2	2.4300	0.6440	0.5350	0.5150	0.6330	0.6540	0.6700
55	scene 3	2.4300	0.6530	0.5410	0.5410	0.6520	0.6680	0.6780
55	scene 4	2.4300	0.6250	0.5720	0.5650	0.6250	0.6400	0.6400
56	total scene	2.4500	0.7120	0.5790	0.6130	0.7180	0.7180	0.7210
56	scene 1	2.4260	0.5740	0.5830	0.2980	0.5910	0.6040	0.6360
56	scene 2	2.4260	0.6480	0.5310	0.5700	0.6360	0.6570	0.6710
56	scene 3	2.4260	0.6520	0.5410	0.5220	0.6560	0.6680	0.6710
56	scene 4	2.4260	0.6280	0.5430	0.6290	0.6250	0.6380	0.6380
57	total scene	2.4370	0.7160	0.5770	0.5930	0.7210	0.7220	0.7270
57	scene 1	2.4260	0.5600	0.5370	0.5200	0.5680	0.5820	0.6110
57	scene 2	2.4260	0.6530	0.5280	0.5390	0.6400	0.6620	0.6780
57	scene 3	2.4260	0.6660	0.5170	0.5040	0.6650	0.6770	0.6900
57	scene 4	2.4260	0.6310	0.5690	0.6810	0.6300	0.6450	0.6450
58	total scene	2.4400	0.7140	0.5850	0.6060	0.7200	0.7210	0.7260
58	scene 1	2.4240	0.5660	0.5720	0.2950	0.5680	0.5830	0.6100
58	scene 2	2.4240	0.6510	0.5380	0.5600	0.6390	0.6610	0.6760
58	scene 3	2.4240	0.6610	0.5410	0.5020	0.6600	0.6720	0.6820
58	scene 4	2.4240	0.6260	0.5470	0.6620	0.6230	0.6400	0.6400
59	total scene	2.4440	0.7160	0.5810	0.5820	0.7210	0.7230	0.7280
59	scene 1	2.4220	0.5650	0.5120	0.8840	0.5660	0.5810	0.6030
59	scene 2	2.4220	0.6530	0.5330	0.5400	0.6410	0.6630	0.6790
59	scene 3	2.4220	0.6580	0.5390	0.4340	0.6640	0.6790	0.6940
59	scene 4	2.4220	0.6360	0.5580	0.5960	0.6330	0.6490	0.6490
60	total scene	2.4350	0.7160	0.5830	0.5930	0.7220	0.7220	0.7270
60	scene 1	2.4180	0.5700	0.5310	0.6580	0.5830	0.6000	0.6220
60	scene 2	2.4180	0.6540	0.5370	0.5500	0.6420	0.6620	0.6780
60	scene 3	2.4180	0.6680	0.5300	0.4650	0.6680	0.6820	0.6860
60	scene 4	2.4180	0.6300	0.5520	0.5780	0.6250	0.6430	0.6430
61	total scene	2.4420	0.7150	0.5860	0.6360	0.7210	0.7210	0.7260
61	scene 1	2.4180	0.5650	0.4790	0.3950	0.5720	0.5870	0.6210
61	scene 2	2.4180	0.6520	0.5390	0.5790	0.6400	0.6610	0.6770
61	scene 3	2.4180	0.6620	0.5340	0.6430	0.6620	0.6760	0.6860
61	scene 4	2.4180	0.6340	0.5790	0.7540	0.6320	0.6450	0.6450
62	total scene	2.4290	0.7180	0.5900	0.6100	0.7230	0.7240	0.7300
62	scene 1	2.4140	0.5740	0.6110	0.4580	0.5760	0.5880	0.6180
62	scene 2	2.4140	0.6550	0.5400	0.5650	0.6420	0.6640	0.6810
62	scene 3	2.4140	0.6770	0.5730	0.5080	0.6760	0.6890	0.6980
62	scene 4	2.4140	0.6390	0.5840	0.6270	0.6340	0.6510	0.6510
63	total scene	2.4300	0.7180	0.5870	0.6110	0.7230	0.7240	0.7290
63	scene 1	2.4130	0.5690	0.5540	0.7070	0.5850	0.6030	0.6350
63	scene 2	2.4130	0.6550	0.5410	0.5830	0.6420	0.6640	0.6790
63	scene 3	2.4130	0.6670	0.5360	0.4200	0.6630	0.6840	0.6940
63	scene 4	2.4130	0.6360	0.5650	0.5630	0.6330	0.6480	0.6480
64	total scene	2.4240	0.7200	0.5840	0.5890	0.7250	0.7270	0.7320
64	scene 1	2.4110	0.5790	0.5160	0.4070	0.5850	0.6070	0.6440
64	scene 2	2.4110	0.6580	0.5380	0.5470	0.6450	0.6680	0.6830
64	scene 3	2.4110	0.6690	0.5200	0.4590	0.6710	0.6880	0.6930
64	scene 4	2.4110	0.6450	0.5540	0.5970	0.6390	0.6540	0.6540
65	total scene	2.4240	0.7200	0.5870	0.6010	0.7260	0.7270	0.7320
65	scene 1	2.4060	0.5740	0.5480	0.0740	0.5900	0.6070	0.6340
65	scene 2	2.4060	0.6580	0.5410	0.5550	0.6460	0.6670	0.6820
65	scene 3	2.4060	0.6770	0.5400	0.4890	0.6770	0.6880	0.6930
65	scene 4	2.4060	0.6430	0.5600	0.6690	0.6440	0.6580	0.6580
66	total scene	2.4360	0.7200	0.5920	0.6200	0.7240	0.7270	0.7310
66	scene 1	2.4050	0.5810	0.5170	0.9010	0.5800	0.5940	0.6260
66	scene 2	2.4050	0.6570	0.5490	0.5920	0.6440	0.6680	0.6820
66	scene 3	2.4050	0.6630	0.5090	0.4210	0.6610	0.6750	0.6860
66	scene 4	2.4050	0.6430	0.5710	0.5900	0.6380	0.6580	0.6580
67	total scene	2.4210	0.7220	0.5900	0.5780	0.7270	0.7290	0.7340
67	scene 1	2.4040	0.5650	0.5680	0.6500	0.5790	0.5920	0.6220
67	scene 2	2.4040	0.6610	0.5450	0.5340	0.6470	0.6710	0.6850
67	scene 3	2.4040	0.6720	0.5180	0.4530	0.6710	0.6900	0.7000
67	scene 4	2.4040	0.6380	0.5730	0.5920	0.6360	0.6490	0.6490
68	total scene	2.4260	0.7220	0.5900	0.6010	0.7270	0.7290	0.7340
68	scene 1	2.3990	0.5810	0.5620	0.6630	0.5840	0.6030	0.6320
68	scene 2	2.3990	0.6610	0.5440	0.5530	0.6480	0.6700	0.6850
68	scene 3	2.3990	0.6630	0.5790	0.4880	0.6660	0.6810	0.6900
68	scene 4	2.3990	0.6460	0.5560	0.6800	0.6450	0.6590	0.6590
69	total scene	2.4190	0.7230	0.5900	0.5910	0.7280	0.7300	0.7350
69	scene 1	2.3990	0.5700	0.5500	0.8420	0.5710	0.5860	0.6130
69	scene 2	2.3990	0.6610	0.5430	0.5450	0.6490	0.6710	0.6870
69	scene 3	2.3990	0.6770	0.5550	0.4900	0.6760	0.6900	0.7050
69	scene 4	2.3990	0.6460	0.5820	0.5950	0.6410	0.6590	0.6590
70	total scene	2.4180	0.7240	0.5880	0.6360	0.7280	0.7290	0.7330
70	scene 1	2.3980	0.5730	0.5350	0.7200	0.5780	0.5930	0.6160
70	scene 2	2.3980	0.6630	0.5420	0.5780	0.6490	0.6710	0.6850
70	scene 3	2.3980	0.6780	0.5720	0.6520	0.6770	0.6910	0.6990
70	scene 4	2.3980	0.6420	0.5510	0.7110	0.6410	0.6540	0.6540
71	total scene	2.4170	0.7240	0.5870	0.6200	0.7290	0.7300	0.7340
71	scene 1	2.3960	0.5740	0.5200	0.3770	0.5820	0.5990	0.6330
71	scene 2	2.3960	0.6630	0.5400	0.5760	0.6500	0.6710	0.6850
71	scene 3	2.3960	0.6750	0.5830	0.5190	0.6710	0.6930	0.7040
71	scene 4	2.3960	0.6480	0.5670	0.6860	0.6440	0.6590	0.6590
72	total scene	2.4160	0.7240	0.5930	0.6240	0.7290	0.7310	0.7350
72	scene 1	2.3930	0.5870	0.5310	0.3290	0.5890	0.6110	0.6390
72	scene 2	2.3930	0.6630	0.5480	0.5830	0.6500	0.6730	0.6860
72	scene 3	2.3930	0.6730	0.5530	0.5180	0.6730	0.6860	0.6950
72	scene 4	2.3930	0.6450	0.5590	0.6510	0.6420	0.6610	0.6610
73	total scene	2.4120	0.7260	0.5870	0.5920	0.7300	0.7330	0.7370
73	scene 1	2.3920	0.5790	0.5490	0.7990	0.5860	0.6010	0.6330
73	scene 2	2.3920	0.6650	0.5390	0.5430	0.6510	0.6740	0.6880
73	scene 3	2.3920	0.6840	0.5480	0.4730	0.6850	0.7010	0.7060
73	scene 4	2.3920	0.6500	0.5710	0.6660	0.6450	0.6650	0.6650
74	total scene	2.4130	0.7260	0.5940	0.6170	0.7310	0.7320	0.7360
74	scene 1	2.3890	0.5820	0.5390	0.7350	0.5880	0.6020	0.6330
74	scene 2	2.3890	0.6650	0.5490	0.5670	0.6520	0.6730	0.6870
74	scene 3	2.3890	0.6860	0.5640	0.5430	0.6850	0.6990	0.7040
74	scene 4	2.3890	0.6490	0.5730	0.6820	0.6440	0.6630	0.6630
75	total scene	2.4180	0.7240	0.5950	0.6200	0.7290	0.7310	0.7350
75	scene 1	2.3880	0.5850	0.5640	0.3700	0.5930	0.6130	0.6340
75	scene 2	2.3880	0.6630	0.5490	0.5730	0.6500	0.6720	0.6870
75	scene 3	2.3880	0.6790	0.5660	0.5350	0.6830	0.6980	0.7080
75	scene 4	2.3880	0.6410	0.5680	0.7040	0.6390	0.6560	0.6560
76	total scene	2.4090	0.7270	0.5990	0.6060	0.7320	0.7340	0.7390
76	scene 1	2.3860	0.5780	0.5890	0.9960	0.5850	0.5990	0.6190
76	scene 2	2.3860	0.6670	0.5550	0.5500	0.6550	0.6770	0.6920
76	scene 3	2.3860	0.6750	0.5680	0.5830	0.6740	0.6890	0.6960
76	scene 4	2.3860	0.6520	0.5720	0.5990	0.6470	0.6620	0.6620
77	total scene	2.4060	0.7280	0.5970	0.6110	0.7320	0.7350	0.7390
77	scene 1	2.3850	0.5790	0.5400	0.1960	0.5820	0.6020	0.6290
77	scene 2	2.3850	0.6680	0.5520	0.5700	0.6550	0.6770	0.6920
77	scene 3	2.3850	0.6730	0.5580	0.4930	0.6750	0.6910	0.7020
77	scene 4	2.3850	0.6510	0.5860	0.6250	0.6470	0.6670	0.6670
78	total scene	2.4060	0.7280	0.5940	0.6010	0.7330	0.7350	0.7400
78	scene 1	2.3830	0.5820	0.5460	0.0670	0.5890	0.6000	0.6250
78	scene 2	2.3830	0.6680	0.5490	0.5550	0.6560	0.6770	0.6930
78	scene 3	2.3830	0.6830	0.5480	0.5300	0.6840	0.7010	0.7080
78	scene 4	2.3830	0.6490	0.5760	0.5930	0.6480	0.6610	0.6610
79	total scene	2.4110	0.7260	0.5980	0.6300	0.7320	0.7330	0.7370
79	scene 1	2.3810	0.5770	0.5670	0.4300	0.5860	0.6040	0.6300
79	scene 2	2.3810	0.6650	0.5540	0.5830	0.6540	0.6750	0.6880
79	scene 3	2.3810	0.6830	0.5570	0.5310	0.6880	0.7030	0.7110
79	scene 4	2.3810	0.6470	0.5760	0.7860	0.6450	0.6610	0.6610
80	total scene	2.4020	0.7300	0.5930	0.5940	0.7340	0.7370	0.7410
80	scene 1	2.3790	0.5900	0.5420	0.5840	0.6040	0.6220	0.6500
80	scene 2	2.3790	0.6710	0.5480	0.5390	0.6580	0.6810	0.6940
80	scene 3	2.3790	0.6720	0.5620	0.5210	0.6760	0.6920	0.7050
80	scene 4	2.3790	0.6510	0.5710	0.7060	0.6480	0.6640	0.6640
81	total scene	2.4060	0.7280	0.6020	0.6380	0.7330	0.7340	0.7400
81	scene 1	2.3780	0.5900	0.5640	0.4940	0.6020	0.6200	0.6530
81	scene 2	2.3780	0.6680	0.5580	0.5890	0.6550	0.6760	0.6930
81	scene 3	2.3780	0.6810	0.5700	0.6150	0.6790	0.6920	0.7070
81	scene 4	2.3780	0.6560	0.5750	0.7110	0.6500	0.6670	0.6670
82	total scene	2.3970	0.7310	0.5980	0.6030	0.7360	0.7380	0.7430
82	scene 1	2.3750	0.5820	0.5540	0.4570	0.5910	0.6110	0.6440
82	scene 2	2.3750	0.6730	0.5530	0.5530	0.6600	0.6820	0.6960
82	scene 3	2.3750	0.6830	0.5600	0.5620	0.6840	0.6960	0.7050
82	scene 4	2.3750	0.6580	0.5650	0.6090	0.6540	0.6720	0.6720
83	total scene	2.3960	0.7320	0.5980	0.6300	0.7370	0.7390	0.7430
83	scene 1	2.3720	0.5880	0.5890	0.3430	0.5970	0.6140	0.6370
83	scene 2	2.3720	0.6730	0.5520	0.5830	0.6610	0.6820	0.6960
83	scene 3	2.3720	0.6890	0.5840	0.5570	0.6860	0.7050	0.7150
83	scene 4	2.3720	0.6610	0.5740	0.6920	0.6580	0.6730	0.6730
84	total scene	2.4070	0.7310	0.5980	0.6080	0.7370	0.7380	0.7420
84	scene 1	2.3730	0.5840	0.5540	0.4410	0.5900	0.5980	0.6300
84	scene 2	2.3730	0.6730	0.5530	0.5670	0.6600	0.6810	0.6950
84	scene 3	2.3730	0.6810	0.5700	0.4750	0.6820	0.6980	0.7090
84	scene 4	2.3730	0.6580	0.5900	0.6640	0.6560	0.6690	0.6690
85	total scene	2.3990	0.7330	0.6030	0.6210	0.7380	0.7390	0.7440
85	scene 1	2.3700	0.5920	0.5400	0.3510	0.6020	0.6150	0.6390
85	scene 2	2.3700	0.6750	0.5590	0.5770	0.6620	0.6830	0.6980
85	scene 3	2.3700	0.6810	0.5720	0.5570	0.6860	0.6970	0.7050
85	scene 4	2.3700	0.6580	0.5900	0.6240	0.6570	0.6700	0.6700
86	total scene	2.3990	0.7310	0.6000	0.6260	0.7360	0.7380	0.7440
86	scene 1	2.3700	0.5850	0.5690	0.6400	0.5920	0.6030	0.6250
86	scene 2	2.3700	0.6730	0.5550	0.5880	0.6600	0.6820	0.6980
86	scene 3	2.3700	0.6800	0.5720	0.4800	0.6830	0.6960	0.7100
86	scene 4	2.3700	0.6550	0.5900	0.6660	0.6540	0.6710	0.6710
87	total scene	2.3950	0.7320	0.6010	0.6320	0.7370	0.7380	0.7430
87	scene 1	2.3660	0.5900	0.5740	0.0570	0.5970	0.6120	0.6420
87	scene 2	2.3660	0.6720	0.5570	0.5940	0.6600	0.6800	0.6950
87	scene 3	2.3660	0.6920	0.5760	0.5200	0.6890	0.7100	0.7230
87	scene 4	2.3660	0.6610	0.5790	0.6930	0.6570	0.6740	0.6740
88	total scene	2.3950	0.7330	0.5990	0.6360	0.7380	0.7390	0.7440
88	scene 1	2.3660	0.5810	0.5120	0.8270	0.5930	0.6130	0.6400
88	scene 2	2.3660	0.6760	0.5560	0.6020	0.6630	0.6830	0.6970
88	scene 3	2.3660	0.6860	0.5500	0.4910	0.6870	0.7020	0.7120
88	scene 4	2.3660	0.6600	0.5760	0.6710	0.6560	0.6720	0.6720
89	total scene	2.4000	0.7340	0.6010	0.6130	0.7380	0.7400	0.7440
89	scene 1	2.3620	0.5880	0.5280	0.8890	0.5930	0.6080	0.6370
89	scene 2	2.3620	0.6770	0.5580	0.5680	0.6630	0.6840	0.6980
89	scene 3	2.3620	0.6920	0.5780	0.5270	0.6900	0.7060	0.7170
89	scene 4	2.3620	0.6610	0.5660	0.6040	0.6590	0.6730	0.6730
90	total scene	2.3880	0.7350	0.6020	0.6240	0.7400	0.7410	0.7450
90	scene 1	2.3610	0.5860	0.5250	0.5150	0.5950	0.6150	0.6450
90	scene 2	2.3610	0.6780	0.5580	0.5730	0.6640	0.6850	0.6990
90	scene 3	2.3610	0.6890	0.5650	0.5670	0.6900	0.7020	0.7130
90	scene 4	2.3610	0.6650	0.5930	0.6880	0.6610	0.6770	0.6770
91	total scene	2.3890	0.7360	0.6020	0.6270	0.7400	0.7420	0.7460
91	scene 1	2.3600	0.5910	0.5550	0.6920	0.6050	0.6200	0.6500
91	scene 2	2.3600	0.6780	0.5600	0.5800	0.6650	0.6860	0.6990
91	scene 3	2.3600	0.6940	0.5700	0.6160	0.6900	0.7080	0.7130
91	scene 4	2.3600	0.6630	0.5730	0.5730	0.6610	0.6780	0.6780
92	total scene	2.3880	0.7350	0.6000	0.6210	0.7400	0.7420	0.7460
92	scene 1	2.3590	0.5980	0.5590	0.1730	0.6080	0.6310	0.6560
92	scene 2	2.3590	0.6780	0.5550	0.5870	0.6650	0.6860	0.7000
92	scene 3	2.3590	0.6940	0.5780	0.4600	0.6930	0.7100	0.7170
92	scene 4	2.3590	0.6600	0.5900	0.6030	0.6570	0.6720	0.6720
93	total scene	2.3880	0.7360	0.6060	0.6350	0.7400	0.7420	0.7480
93	scene 1	2.3580	0.5900	0.5370	0.4140	0.5970	0.6130	0.6380
93	scene 2	2.3580	0.6780	0.5630	0.5920	0.6650	0.6860	0.7020
93	scene 3	2.3580	0.6880	0.5940	0.5880	0.6900	0.7110	0.7170
93	scene 4	2.3580	0.6650	0.5840	0.5720	0.6600	0.6780	0.6780
94	total scene	2.3860	0.7360	0.6030	0.6300	0.7410	0.7430	0.7480
94	scene 1	2.3550	0.5920	0.5460	0.5090	0.6030	0.6190	0.6430
94	scene 2	2.3550	0.6790	0.5610	0.5910	0.6660	0.6880	0.7020
94	scene 3	2.3550	0.6890	0.5530	0.5200	0.6920	0.7030	0.7110
94	scene 4	2.3550	0.6630	0.5780	0.6720	0.6590	0.6760	0.6760
95	total scene	2.3840	0.7360	0.6000	0.6250	0.7410	0.7420	0.7470
95	scene 1	2.3550	0.5880	0.5600	0.8400	0.6010	0.6150	0.6450
95	scene 2	2.3550	0.6790	0.5570	0.5840	0.6670	0.6860	0.7010
95	scene 3	2.3550	0.6880	0.5930	0.5300	0.6930	0.7080	0.7170
95	scene 4	2.3550	0.6620	0.5530	0.6080	0.6600	0.6760	0.6760
96	total scene	2.3830	0.7380	0.6010	0.6380	0.7420	0.7440	0.7460
96	scene 1	2.3540	0.5960	0.5940	0.9250	0.5970	0.6160	0.6360
96	scene 2	2.3540	0.6810	0.5580	0.5940	0.6680	0.6880	0.7000
96	scene 3	2.3540	0.6970	0.5770	0.5030	0.6990	0.7110	0.7110
96	scene 4	2.3540	0.6630	0.5790	0.8080	0.6580	0.6740	0.6740
97	total scene	2.3840	0.7370	0.6060	0.6220	0.7420	0.7440	0.7470
97	scene 1	2.3510	0.5980	0.5650	0.4620	0.6040	0.6200	0.6470
97	scene 2	2.3510	0.6810	0.5620	0.5650	0.6680	0.6890	0.7020
97	scene 3	2.3510	0.6910	0.5660	0.6160	0.6920	0.7040	0.7120
97	scene 4	2.3510	0.6640	0.6050	0.7160	0.6590	0.6740	0.6740
98	total scene	2.3840	0.7370	0.6080	0.6260	0.7420	0.7440	0.7480
98	scene 1	2.3500	0.6020	0.5940	0.4700	0.6080	0.6280	0.6550
98	scene 2	2.3500	0.6810	0.5650	0.5830	0.6680	0.6890	0.7030
98	scene 3	2.3500	0.6910	0.5780	0.5260	0.6920	0.7080	0.7140
98	scene 4	2.3500	0.6630	0.5930	0.6290	0.6590	0.6750	0.6750
99	total scene	2.3840	0.7370	0.6060	0.6310	0.7400	0.7440	0.7490
99	scene 1	2.3490	0.5930	0.5360	0.9350	0.6050	0.6250	0.6560
99	scene 2	2.3490	0.6800	0.5640	0.5850	0.6660	0.6890	0.7030
99	scene 3	2.3490	0.6950	0.5810	0.5830	0.6920	0.7100	0.7170
99	scene 4	2.3490	0.6650	0.5880	0.6390	0.6570	0.6780	0.6780
100	total scene	2.3960	0.7390	0.5970	0.6330	0.7430	0.7450	0.7500
100	scene 1	2.3480	0.5970	0.5760	0.3940	0.6060	0.6190	0.6440
100	scene 2	2.3480	0.6830	0.5520	0.5800	0.6680	0.6900	0.7040
100	scene 3	2.3480	0.6960	0.5740	0.5810	0.6990	0.7130	0.7200
100	scene 4	2.3480	0.6650	0.5850	0.7970	0.6620	0.6790	0.6790
