epoch 	 scene 	 val_loss 	 ratio_type 	 click_ratio 	 like_ratio 	 comment_auc 	 5s_ratio 	 10s_ratio 	 18s_ratio
1	total scene	4.122402	auc	0.696887	0.491566	0.464660	0.708047	0.693866	0.664989
1	total scene	4.122402	ndcg	0.552746	0.063621	0.000000	0.669862	0.835780	0.393278
1	scene 1	4.346127	auc	0.527554	0.501744	0.525670	0.530248	0.529271	0.527431
1	scene 1	4.346127	ndcg	0.000587	0.546945	0.688818	0.054215	0.000442	0.002026
1	scene 2	4.346127	auc	0.630060	0.486341	0.469569	0.623430	0.630493	0.623221
1	scene 1	4.346127	ndcg	0.182705	0.451342	0.587780	0.367899	0.049987	0.160605
1	scene 2	4.346127	auc	0.641748	0.536830	0.398051	0.651912	0.640423	0.623812
1	scene 3	4.346127	ndcg	0.262073	0.456294	0.619259	0.288342	0.210667	0.311738
1	scene 4	4.346127	auc	0.609866	0.459736	0.460476	0.610533	0.610476	0.610476
1	scene 4	4.346127	ndcg	0.598780	0.507583	0.646264	0.724678	0.439994	0.081716
2	total scene	4.089503	auc	0.722971	0.496528	0.415229	0.730319	0.724768	0.476834
2	total scene	4.089503	ndcg	0.866948	0.000000	0.000000	1.000000	0.795166	0.249664
2	scene 1	4.100081	auc	0.548585	0.507468	0.488122	0.551114	0.560714	0.499811
2	scene 1	4.100081	ndcg	0.000065	0.199928	0.140221	0.017376	0.000267	0.002409
2	scene 2	4.100081	auc	0.661578	0.493989	0.442048	0.651875	0.664679	0.497349
2	scene 1	4.100081	ndcg	0.093438	0.191625	0.020805	0.345365	0.101673	0.000000
2	scene 2	4.100081	auc	0.677750	0.526904	0.439717	0.682654	0.686629	0.481802
2	scene 3	4.100081	ndcg	0.339628	0.142780	0.050173	0.405207	0.276366	0.002425
2	scene 4	4.100081	auc	0.649726	0.466811	0.380472	0.644143	0.652841	0.652841
2	scene 4	4.100081	ndcg	0.665244	0.214114	0.049058	0.709255	0.513316	0.002630
3	total scene	4.068280	auc	0.745287	0.491596	0.413713	0.751684	0.745897	0.477434
3	total scene	4.068280	ndcg	0.791706	0.085143	0.000000	0.567682	0.838957	0.249664
3	scene 1	4.070219	auc	0.584207	0.508438	0.483581	0.590797	0.597299	0.500380
3	scene 1	4.070219	ndcg	0.000029	0.154151	0.124722	0.001090	0.000014	0.002439
3	scene 2	4.070219	auc	0.690409	0.487145	0.438571	0.680403	0.690728	0.497972
3	scene 1	4.070219	ndcg	0.124040	0.157029	0.015353	0.512874	0.180634	0.000000
3	scene 2	4.070219	auc	0.706207	0.520744	0.436890	0.710205	0.718218	0.482453
3	scene 3	4.070219	ndcg	0.319106	0.118162	0.040125	0.444746	0.257153	0.002451
3	scene 4	4.070219	auc	0.683161	0.458558	0.385111	0.679445	0.686375	0.686375
3	scene 4	4.070219	ndcg	0.651475	0.192843	0.038301	0.638844	0.496728	0.002681
4	total scene	4.058888	auc	0.753966	0.494095	0.413336	0.760379	0.755170	0.477595
4	total scene	4.058888	ndcg	0.710477	0.138862	0.000000	0.933746	0.820523	0.231773
4	scene 1	4.045468	auc	0.601215	0.511080	0.477942	0.609656	0.617273	0.501002
4	scene 1	4.045468	ndcg	0.000008	0.135047	0.109443	0.000347	0.000000	0.002102
4	scene 2	4.045468	auc	0.702131	0.489289	0.437937	0.692331	0.702655	0.498209
4	scene 1	4.045468	ndcg	0.130907	0.135844	0.010270	0.588420	0.243787	0.000000
4	scene 2	4.045468	auc	0.712523	0.525221	0.439092	0.717155	0.727282	0.482673
4	scene 3	4.045468	ndcg	0.350798	0.111765	0.033417	0.496383	0.302907	0.001927
4	scene 4	4.045468	auc	0.694486	0.461855	0.378845	0.693890	0.700055	0.700055
4	scene 4	4.045468	ndcg	0.638535	0.177022	0.030712	0.689915	0.584794	0.002797
5	total scene	4.055121	auc	0.758133	0.490127	0.412060	0.763440	0.758722	0.477856
5	total scene	4.055121	ndcg	0.665949	0.220092	0.000000	0.724153	1.000000	0.230474
5	scene 1	4.031500	auc	0.605877	0.510193	0.457008	0.615425	0.623469	0.501297
5	scene 1	4.031500	ndcg	0.000000	0.107104	0.091957	0.000493	0.000000	0.001897
5	scene 2	4.031500	auc	0.707363	0.484066	0.436236	0.696652	0.707118	0.498388
5	scene 1	4.031500	ndcg	0.146536	0.113324	0.008501	0.696998	0.285261	0.000000
5	scene 2	4.031500	auc	0.717167	0.520451	0.442321	0.721098	0.730410	0.482815
5	scene 3	4.031500	ndcg	0.438993	0.107180	0.031691	0.520270	0.328212	0.001816
5	scene 4	4.031500	auc	0.707299	0.453520	0.377694	0.700044	0.709096	0.709096
5	scene 4	4.031500	ndcg	0.774941	0.166247	0.027511	0.821124	0.787412	0.002509
6	total scene	4.054614	auc	0.759368	0.490722	0.414502	0.764336	0.760364	0.477869
6	total scene	4.054614	ndcg	0.861138	0.220092	0.000000	0.857205	0.669862	0.230474
6	scene 1	4.022341	auc	0.610328	0.505851	0.456313	0.621143	0.629035	0.501299
6	scene 1	4.022341	ndcg	0.000000	0.095926	0.089466	0.000107	0.000000	0.001976
6	scene 2	4.022341	auc	0.709190	0.483884	0.437776	0.698109	0.709353	0.498455
6	scene 1	4.022341	ndcg	0.143685	0.099760	0.009203	0.721393	0.323274	0.000000
6	scene 2	4.022341	auc	0.717418	0.521917	0.453720	0.719715	0.732609	0.482885
6	scene 3	4.022341	ndcg	0.469774	0.105088	0.031427	0.548779	0.407386	0.001882
6	scene 4	4.022341	auc	0.709009	0.453202	0.375412	0.702672	0.711001	0.711001
6	scene 4	4.022341	ndcg	0.719411	0.155754	0.028935	0.804210	0.823724	0.002471
7	total scene	4.054445	auc	0.760228	0.489208	0.415917	0.765171	0.761288	0.478326
7	total scene	4.054445	ndcg	0.467859	0.220092	0.000000	0.905212	1.000000	0.236807
7	scene 1	4.015500	auc	0.609748	0.507864	0.455315	0.619259	0.626516	0.501265
7	scene 1	4.015500	ndcg	0.000000	0.084416	0.083184	0.000007	0.000000	0.002043
7	scene 2	4.015500	auc	0.710524	0.480915	0.438047	0.699734	0.710848	0.498625
7	scene 1	4.015500	ndcg	0.143329	0.090359	0.005992	0.717669	0.316932	0.000000
7	scene 2	4.015500	auc	0.717039	0.520715	0.453363	0.718556	0.732806	0.483134
7	scene 3	4.015500	ndcg	0.458969	0.100171	0.028495	0.516592	0.440383	0.001962
7	scene 4	4.015500	auc	0.709447	0.449789	0.378926	0.702023	0.711211	0.711211
7	scene 4	4.015500	ndcg	0.728183	0.139677	0.020434	0.850943	0.795526	0.002640
8	total scene	4.057254	auc	0.759276	0.489082	0.415175	0.764118	0.760446	0.478542
8	total scene	4.057254	ndcg	0.797517	0.220092	0.000000	0.473572	0.921602	0.236807
8	scene 1	4.009860	auc	0.609240	0.506422	0.446269	0.618347	0.625928	0.501269
8	scene 1	4.009860	ndcg	0.000000	0.068898	0.075261	0.000000	0.000000	0.001705
8	scene 2	4.009860	auc	0.709238	0.480179	0.436862	0.698399	0.709816	0.498590
8	scene 1	4.009860	ndcg	0.143160	0.092632	0.005479	0.766119	0.311335	0.000000
8	scene 2	4.009860	auc	0.715821	0.516980	0.457455	0.716458	0.731753	0.483139
8	scene 3	4.009860	ndcg	0.440286	0.090163	0.024735	0.511741	0.439980	0.001734
8	scene 4	4.009860	auc	0.709685	0.452285	0.379043	0.701323	0.711894	0.711894
8	scene 4	4.009860	ndcg	0.738506	0.136043	0.019357	0.746174	0.789898	0.002769
9	total scene	4.058927	auc	0.758771	0.486631	0.414670	0.763518	0.760652	0.478827
9	total scene	4.058927	ndcg	0.681206	0.220092	0.000000	0.700095	0.926636	0.243552
9	scene 1	4.004612	auc	0.608391	0.504961	0.442411	0.619016	0.626097	0.501382
9	scene 1	4.004612	ndcg	0.000000	0.071929	0.070393	0.000000	0.000000	0.001768
9	scene 2	4.004612	auc	0.708928	0.476551	0.436176	0.697841	0.710144	0.498701
9	scene 1	4.004612	ndcg	0.142966	0.080331	0.002854	0.757111	0.320218	0.000000
9	scene 2	4.004612	auc	0.714865	0.515047	0.456801	0.715650	0.731780	0.483140
9	scene 3	4.004612	ndcg	0.523323	0.081488	0.024476	0.520412	0.442124	0.001595
9	scene 4	4.004612	auc	0.707554	0.449236	0.374843	0.699184	0.710865	0.710865
9	scene 4	4.004612	ndcg	0.738788	0.122696	0.022305	0.773056	0.835324	0.002745
10	total scene	4.062592	auc	0.757673	0.485222	0.414174	0.762711	0.760224	0.479082
10	total scene	4.062592	ndcg	0.713654	0.220092	0.000000	1.000000	0.454844	0.243552
10	scene 1	4.000337	auc	0.602068	0.498897	0.434981	0.612384	0.621314	0.501308
10	scene 1	4.000337	ndcg	0.000000	0.072050	0.069342	0.000000	0.000000	0.001328
10	scene 2	4.000337	auc	0.707624	0.475167	0.435096	0.696821	0.709749	0.498723
10	scene 1	4.000337	ndcg	0.143273	0.073855	0.003390	0.776137	0.331920	0.000000
10	scene 2	4.000337	auc	0.713701	0.510407	0.465506	0.712896	0.730734	0.483107
10	scene 3	4.000337	ndcg	0.482975	0.094530	0.025063	0.580765	0.442410	0.001686
10	scene 4	4.000337	auc	0.702625	0.447126	0.371482	0.696954	0.708437	0.708437
10	scene 4	4.000337	ndcg	0.744850	0.117707	0.015257	0.750485	0.841257	0.002931
11	total scene	4.062677	auc	0.756732	0.486224	0.416374	0.761967	0.759724	0.479659
11	total scene	4.062677	ndcg	0.848238	0.220092	0.000000	0.933746	0.775994	0.243552
11	scene 1	3.995867	auc	0.594449	0.503608	0.428901	0.610321	0.621679	0.501674
11	scene 1	3.995867	ndcg	0.000000	0.035814	0.059077	0.000000	0.000000	0.000719
11	scene 2	3.995867	auc	0.706533	0.475069	0.436777	0.696024	0.709160	0.498926
11	scene 1	3.995867	ndcg	0.143668	0.057648	0.000000	0.735289	0.328662	0.000000
11	scene 2	3.995867	auc	0.712881	0.509842	0.467902	0.712230	0.729992	0.483272
11	scene 3	3.995867	ndcg	0.401562	0.063681	0.024181	0.521037	0.442939	0.001803
11	scene 4	3.995867	auc	0.699843	0.447186	0.376367	0.695118	0.707241	0.707241
11	scene 4	3.995867	ndcg	0.738706	0.105486	0.006329	0.790072	0.840486	0.003136
12	total scene	4.064308	auc	0.755987	0.483729	0.419474	0.761198	0.759155	0.479648
12	total scene	4.064308	ndcg	0.804811	0.220092	0.000000	1.000000	1.000000	0.243552
12	scene 1	3.991909	auc	0.575043	0.498883	0.438542	0.594085	0.619143	0.501824
12	scene 1	3.991909	ndcg	0.000000	0.012115	0.073358	0.000000	0.000000	0.000771
12	scene 2	3.991909	auc	0.705884	0.472409	0.439535	0.695222	0.708404	0.498855
12	scene 1	3.991909	ndcg	0.143073	0.050466	0.000000	0.769498	0.340204	0.000000
12	scene 2	3.991909	auc	0.712755	0.509279	0.470952	0.711662	0.730754	0.483150
12	scene 3	3.991909	ndcg	0.418257	0.076397	0.022386	0.515543	0.444250	0.001904
12	scene 4	3.991909	auc	0.698731	0.444084	0.370352	0.692389	0.705592	0.705592
12	scene 4	3.991909	ndcg	0.738578	0.088160	0.007150	0.866220	0.841348	0.003217
13	total scene	4.061753	auc	0.754358	0.483859	0.419963	0.760099	0.757830	0.479669
13	total scene	4.061753	ndcg	0.669862	0.220092	0.000000	0.606439	0.816590	0.243552
13	scene 1	3.988770	auc	0.547904	0.501221	0.441749	0.572929	0.597005	0.501606
13	scene 1	3.988770	ndcg	0.000000	0.015200	0.056631	0.000000	0.000000	0.000848
13	scene 2	3.988770	auc	0.704515	0.472283	0.439025	0.694259	0.706934	0.498806
13	scene 1	3.988770	ndcg	0.142840	0.054088	0.000000	0.778841	0.335653	0.000000
13	scene 2	3.988770	auc	0.710022	0.506220	0.470372	0.709725	0.729167	0.483191
13	scene 3	3.988770	ndcg	0.482037	0.079203	0.017660	0.515326	0.442691	0.002059
13	scene 4	3.988770	auc	0.699946	0.442937	0.371890	0.694434	0.705476	0.705476
13	scene 4	3.988770	ndcg	0.738708	0.089783	0.008194	0.788557	0.826780	0.002733
14	total scene	4.062820	auc	0.753638	0.481583	0.420654	0.759226	0.757528	0.480042
14	total scene	4.062820	ndcg	0.753814	0.220092	0.000000	0.933746	1.000000	0.243552
14	scene 1	3.985398	auc	0.533275	0.498059	0.437844	0.554798	0.575246	0.502169
14	scene 1	3.985398	ndcg	0.000000	0.000000	0.044051	0.000000	0.000000	0.000916
14	scene 2	3.985398	auc	0.704730	0.470342	0.439132	0.694168	0.707229	0.499038
14	scene 1	3.985398	ndcg	0.142914	0.059562	0.000000	0.779747	0.376763	0.000000
14	scene 2	3.985398	auc	0.708059	0.503651	0.475640	0.708483	0.726953	0.483459
14	scene 3	3.985398	ndcg	0.399518	0.078224	0.018507	0.515267	0.442685	0.002228
14	scene 4	3.985398	auc	0.697830	0.442435	0.371424	0.691945	0.703125	0.703125
14	scene 4	3.985398	ndcg	0.738557	0.075649	0.004412	0.768331	0.833785	0.001898
15	total scene	4.063373	auc	0.751621	0.482396	0.422879	0.757072	0.756719	0.480235
15	total scene	4.063373	ndcg	0.857981	0.220092	0.000000	0.618040	0.926636	0.243552
15	scene 1	3.982172	auc	0.527211	0.492308	0.434566	0.540640	0.548568	0.502426
15	scene 1	3.982172	ndcg	0.000000	0.000000	0.042739	0.000000	0.000000	0.000443
15	scene 2	3.982172	auc	0.703164	0.470001	0.440734	0.692447	0.706813	0.499020
15	scene 1	3.982172	ndcg	0.212177	0.055416	0.000000	0.779908	0.363812	0.000000
15	scene 2	3.982172	auc	0.706919	0.503696	0.478631	0.706767	0.726888	0.483423
15	scene 3	3.982172	ndcg	0.501194	0.058914	0.008742	0.515485	0.442700	0.001899
15	scene 4	3.982172	auc	0.695048	0.442376	0.375350	0.687806	0.702605	0.702605
15	scene 4	3.982172	ndcg	0.738557	0.090970	0.005522	0.865294	0.804620	0.002113
16	total scene	4.064870	auc	0.749503	0.482179	0.420654	0.755774	0.755533	0.480375
16	total scene	4.064870	ndcg	0.852171	0.220092	0.000000	0.710477	0.652088	0.249363
16	scene 1	3.979188	auc	0.517693	0.493288	0.436829	0.529795	0.544801	0.502403
16	scene 1	3.979188	ndcg	0.000000	0.000000	0.035118	0.000000	0.000000	0.000000
16	scene 2	3.979188	auc	0.701994	0.470616	0.438096	0.691574	0.705700	0.499001
16	scene 1	3.979188	ndcg	0.235459	0.033113	0.000000	0.779906	0.330001	0.000000
16	scene 2	3.979188	auc	0.705639	0.503354	0.476429	0.706023	0.726274	0.483421
16	scene 3	3.979188	ndcg	0.485633	0.022783	0.010940	0.521665	0.442700	0.001994
16	scene 4	3.979188	auc	0.693533	0.441341	0.371966	0.687157	0.701609	0.701609
16	scene 4	3.979188	ndcg	0.738557	0.088473	0.006540	0.931926	0.837038	0.001829
17	total scene	4.068266	auc	0.747996	0.481512	0.421959	0.754501	0.754370	0.480625
17	total scene	4.068266	ndcg	0.561892	0.220092	0.000000	1.000000	0.659480	0.249363
17	scene 1	3.976566	auc	0.514602	0.493149	0.437244	0.528139	0.539253	0.502761
17	scene 1	3.976566	ndcg	0.000000	0.000000	0.024769	0.000000	0.000000	0.000000
17	scene 2	3.976566	auc	0.700653	0.470163	0.439528	0.691011	0.704942	0.499079
17	scene 1	3.976566	ndcg	0.237585	0.022009	0.000000	0.775124	0.338310	0.000000
17	scene 2	3.976566	auc	0.704834	0.503018	0.478006	0.705385	0.723773	0.483494
17	scene 3	3.976566	ndcg	0.446010	0.000000	0.013874	0.599982	0.442700	0.002159
17	scene 4	3.976566	auc	0.687440	0.439022	0.372266	0.683909	0.695707	0.695707
17	scene 4	3.976566	ndcg	0.738557	0.085918	0.007420	0.913690	0.839999	0.001533
18	total scene	4.066939	auc	0.746826	0.482504	0.422799	0.751450	0.752641	0.481045
18	total scene	4.066939	ndcg	0.823700	0.220092	0.000000	0.933746	0.713654	0.246186
18	scene 1	3.974511	auc	0.509073	0.495214	0.430825	0.511835	0.525696	0.502830
18	scene 1	3.974511	ndcg	0.000000	0.000000	0.030427	0.000000	0.000000	0.000000
18	scene 2	3.974511	auc	0.700454	0.469821	0.439641	0.690306	0.703925	0.499142
18	scene 1	3.974511	ndcg	0.237584	0.012501	0.000000	0.779904	0.321721	0.000000
18	scene 2	3.974511	auc	0.704686	0.503006	0.479926	0.703971	0.723754	0.483595
18	scene 3	3.974511	ndcg	0.546880	0.000000	0.000000	0.515306	0.442700	0.001047
18	scene 4	3.974511	auc	0.688698	0.437870	0.370563	0.682496	0.695856	0.695856
18	scene 4	3.974511	ndcg	0.738557	0.059520	0.008894	0.863553	0.836998	0.001666
19	total scene	4.065480	auc	0.745600	0.481454	0.423117	0.750859	0.751343	0.481412
19	total scene	4.065480	ndcg	0.498251	0.220092	0.000000	0.488645	0.861138	0.246186
19	scene 1	3.971900	auc	0.506583	0.494379	0.429101	0.510765	0.511903	0.503004
19	scene 1	3.971900	ndcg	0.000000	0.000000	0.035249	0.000000	0.000000	0.000000
19	scene 2	3.971900	auc	0.700354	0.469024	0.439536	0.690103	0.704115	0.499266
19	scene 1	3.971900	ndcg	0.237583	0.015266	0.000000	0.779906	0.317334	0.000000
19	scene 2	3.971900	auc	0.705093	0.501823	0.482113	0.705364	0.724042	0.483873
19	scene 3	3.971900	ndcg	0.547802	0.000000	0.000000	0.523962	0.442700	0.001134
19	scene 4	3.971900	auc	0.691530	0.439389	0.369860	0.683605	0.697902	0.697902
19	scene 4	3.971900	ndcg	0.738557	0.067414	0.010085	0.924414	0.786004	0.001865
20	total scene	4.066843	auc	0.742151	0.480469	0.423362	0.748071	0.749309	0.481558
20	total scene	4.066843	ndcg	0.889954	0.283713	0.000000	0.775994	0.914857	0.246186
20	scene 1	3.969771	auc	0.504995	0.493549	0.436459	0.507091	0.507932	0.503079
20	scene 1	3.969771	ndcg	0.000000	0.000000	0.042429	0.000000	0.000000	0.000000
20	scene 2	3.969771	auc	0.698652	0.466849	0.439275	0.689230	0.703176	0.499328
20	scene 1	3.969771	ndcg	0.237584	0.017246	0.000000	0.728295	0.316917	0.000000
20	scene 2	3.969771	auc	0.703951	0.499428	0.474881	0.704074	0.723300	0.483845
20	scene 3	3.969771	ndcg	0.463839	0.000000	0.000000	0.515462	0.442700	0.000574
20	scene 4	3.969771	auc	0.688758	0.436361	0.367623	0.683827	0.694941	0.694941
20	scene 4	3.969771	ndcg	0.738557	0.023659	0.000000	0.794808	0.841490	0.002033
21	total scene	4.068604	auc	0.741537	0.480988	0.425110	0.745985	0.748095	0.481925
21	total scene	4.068604	ndcg	0.701510	0.305235	0.000000	0.599977	0.562647	0.246551
21	scene 1	3.967548	auc	0.505831	0.497641	0.432470	0.507089	0.509829	0.503384
21	scene 1	3.967548	ndcg	0.000000	0.000000	0.034536	0.000000	0.000000	0.000000
21	scene 2	3.967548	auc	0.697521	0.467458	0.441071	0.687697	0.701932	0.499404
21	scene 1	3.967548	ndcg	0.237583	0.000000	0.000000	0.738834	0.384835	0.000000
21	scene 2	3.967548	auc	0.702610	0.499019	0.475714	0.703533	0.722692	0.483942
21	scene 3	3.967548	ndcg	0.519608	0.000000	0.000000	0.597238	0.442700	0.000632
21	scene 4	3.967548	auc	0.683989	0.435629	0.373028	0.679487	0.689978	0.689978
21	scene 4	3.967548	ndcg	0.738557	0.025768	0.000000	0.933696	0.841493	0.001576
22	total scene	4.067880	auc	0.738676	0.480391	0.423560	0.745688	0.747022	0.482003
22	total scene	4.067880	ndcg	0.596498	0.283713	0.000000	0.921602	0.628511	0.246551
22	scene 1	3.965879	auc	0.504252	0.497035	0.431233	0.507445	0.505816	0.503492
22	scene 1	3.965879	ndcg	0.000000	0.000000	0.036698	0.000000	0.000000	0.000000
22	scene 2	3.965879	auc	0.695830	0.466171	0.439437	0.687641	0.701604	0.499483
22	scene 1	3.965879	ndcg	0.237630	0.000000	0.000000	0.779883	0.343245	0.000000
22	scene 2	3.965879	auc	0.697656	0.496884	0.475655	0.702006	0.720154	0.484016
22	scene 3	3.965879	ndcg	0.487005	0.000000	0.000000	0.515640	0.442700	0.000698
22	scene 4	3.965879	auc	0.682321	0.433929	0.373687	0.678993	0.689827	0.689827
22	scene 4	3.965879	ndcg	0.738557	0.026970	0.000000	0.933567	0.841493	0.000635
23	total scene	4.068285	auc	0.737959	0.480963	0.425943	0.742892	0.745627	0.485977
23	total scene	4.068285	ndcg	0.493216	0.293456	0.000000	0.905212	0.725452	0.257875
23	scene 1	3.964463	auc	0.502891	0.496811	0.437265	0.506152	0.507200	0.504037
23	scene 1	3.964463	ndcg	0.000000	0.000000	0.000000	0.000000	0.000000	0.000000
23	scene 2	3.964463	auc	0.695858	0.466390	0.440586	0.687187	0.700649	0.501202
23	scene 1	3.964463	ndcg	0.237584	0.000000	0.000000	0.751605	0.349014	0.000000
23	scene 2	3.964463	auc	0.701406	0.494898	0.479494	0.701260	0.719859	0.485622
23	scene 3	3.964463	ndcg	0.548247	0.000000	0.000000	0.515288	0.442700	0.001292
23	scene 4	3.964463	auc	0.685016	0.433986	0.377416	0.682086	0.691735	0.691735
23	scene 4	3.964463	ndcg	0.738557	0.000000	0.000000	0.885778	0.841493	0.001408
24	total scene	4.069447	auc	0.737969	0.480282	0.425524	0.742625	0.743657	0.486652
24	total scene	4.069447	ndcg	0.775994	0.220092	0.000000	0.936379	0.477967	0.249664
24	scene 1	3.962874	auc	0.503405	0.492362	0.427295	0.504446	0.504426	0.504191
24	scene 1	3.962874	ndcg	0.000000	0.000000	0.000000	0.000000	0.000000	0.000000
24	scene 2	3.962874	auc	0.695054	0.465156	0.441441	0.686069	0.699677	0.501409
24	scene 1	3.962874	ndcg	0.237584	0.000000	0.000000	0.778670	0.383828	0.000000
24	scene 2	3.962874	auc	0.700137	0.496564	0.470893	0.699307	0.718078	0.485685
24	scene 3	3.962874	ndcg	0.548330	0.000000	0.000000	0.515288	0.442700	0.000639
24	scene 4	3.962874	auc	0.683059	0.434418	0.364894	0.679521	0.688553	0.688553
24	scene 4	3.962874	ndcg	0.738557	0.000000	0.000000	0.932682	0.841493	0.001483
25	total scene	4.067451	auc	0.737376	0.480563	0.426036	0.740988	0.742187	0.486808
25	total scene	4.067451	ndcg	0.914857	0.220092	0.000000	0.741190	0.599977	0.261443
25	scene 1	3.961050	auc	0.502388	0.491608	0.433201	0.504994	0.504099	0.504455
25	scene 1	3.961050	ndcg	0.000000	0.000000	0.000000	0.000000	0.000000	0.000000
25	scene 2	3.961050	auc	0.695185	0.465320	0.441258	0.684873	0.699467	0.501471
25	scene 1	3.961050	ndcg	0.237584	0.000000	0.000000	0.779634	0.385960	0.000000
25	scene 2	3.961050	auc	0.698747	0.492730	0.468586	0.697514	0.716596	0.485854
25	scene 3	3.961050	ndcg	0.540521	0.000000	0.000000	0.515290	0.442700	0.000000
25	scene 4	3.961050	auc	0.682906	0.435572	0.371603	0.675697	0.689366	0.689366
25	scene 4	3.961050	ndcg	0.738557	0.000000	0.000000	0.933746	0.841493	0.001627
26	total scene	4.069960	auc	0.736797	0.479787	0.428445	0.739508	0.740522	0.487068
26	total scene	4.069960	ndcg	0.848603	0.220092	0.000000	0.710477	0.603262	0.258810
26	scene 1	3.959956	auc	0.502632	0.489316	0.437555	0.503663	0.504390	0.504506
26	scene 1	3.959956	ndcg	0.000000	0.000000	0.000000	0.000000	0.000000	0.000000
26	scene 2	3.959956	auc	0.695126	0.464331	0.442432	0.684744	0.697517	0.501573
26	scene 1	3.959956	ndcg	0.237796	0.000000	0.000000	0.779907	0.386347	0.000000
26	scene 2	3.959956	auc	0.700147	0.491748	0.474494	0.698832	0.715509	0.485976
26	scene 3	3.959956	ndcg	0.531972	0.000000	0.000000	0.516906	0.442700	0.000000
26	scene 4	3.959956	auc	0.683718	0.435252	0.374140	0.677681	0.685801	0.685801
26	scene 4	3.959956	ndcg	0.738557	0.000000	0.000000	0.933746	0.841493	0.000675
27	total scene	4.069842	auc	0.733994	0.480806	0.428966	0.740169	0.738872	0.487510
27	total scene	4.069842	ndcg	0.857205	0.220092	0.000000	0.836459	0.555245	0.243552
27	scene 1	3.958031	auc	0.501999	0.492008	0.433704	0.502635	0.503507	0.504695
27	scene 1	3.958031	ndcg	0.000000	0.000000	0.000000	0.000000	0.000000	0.000000
27	scene 2	3.958031	auc	0.693411	0.464306	0.443296	0.685337	0.697015	0.501618
27	scene 1	3.958031	ndcg	0.237584	0.000000	0.000000	0.779867	0.386347	0.000000
27	scene 2	3.958031	auc	0.696475	0.490452	0.471056	0.697034	0.713782	0.485988
27	scene 3	3.958031	ndcg	0.411666	0.000000	0.000000	0.515291	0.442700	0.000000
27	scene 4	3.958031	auc	0.681136	0.434453	0.371119	0.677987	0.685265	0.685265
27	scene 4	3.958031	ndcg	0.738557	0.000000	0.000000	0.864900	0.841464	0.000732
28	total scene	4.068989	auc	0.732165	0.480925	0.430735	0.739218	0.737338	0.488019
28	total scene	4.068989	ndcg	0.710477	0.220092	0.000000	0.756902	0.685120	0.243552
28	scene 1	3.957731	auc	0.501457	0.493751	0.435920	0.501297	0.501444	0.504760
28	scene 1	3.957731	ndcg	0.000000	0.000000	0.000000	0.000000	0.000000	0.000000
28	scene 2	3.957731	auc	0.692409	0.462794	0.443774	0.685028	0.695963	0.501816
28	scene 1	3.957731	ndcg	0.237584	0.000000	0.000000	0.758347	0.385599	0.000000
28	scene 2	3.957731	auc	0.695909	0.489001	0.478929	0.697622	0.712438	0.486100
28	scene 3	3.957731	ndcg	0.484566	0.000000	0.000000	0.515290	0.442700	0.000000
28	scene 4	3.957731	auc	0.680624	0.436424	0.372378	0.678812	0.686010	0.686010
28	scene 4	3.957731	ndcg	0.738557	0.000000	0.000000	0.864354	0.841493	0.000769
29	total scene	4.069214	auc	0.733050	0.482173	0.430327	0.737407	0.737003	0.488683
29	total scene	4.069214	ndcg	0.831848	0.220092	0.000000	0.766349	0.511453	0.243552
29	scene 1	3.956631	auc	0.501549	0.495380	0.439240	0.501629	0.502097	0.505118
29	scene 1	3.956631	ndcg	0.000000	0.000000	0.000000	0.000000	0.000000	0.000000
29	scene 2	3.956631	auc	0.693342	0.463282	0.443321	0.684759	0.696157	0.502152
29	scene 1	3.956631	ndcg	0.237584	0.000000	0.000000	0.729113	0.381980	0.000000
29	scene 2	3.956631	auc	0.697424	0.491189	0.474196	0.697869	0.714538	0.486617
29	scene 3	3.956631	ndcg	0.498916	0.000000	0.000000	0.515289	0.442700	0.000000
29	scene 4	3.956631	auc	0.682087	0.435603	0.372925	0.678076	0.685842	0.685842
29	scene 4	3.956631	ndcg	0.738557	0.000000	0.000000	0.933178	0.841493	0.000000
30	total scene	4.069046	auc	0.730756	0.480766	0.429605	0.735372	0.735056	0.489224
30	total scene	4.069046	ndcg	0.816590	0.220092	0.000000	0.936379	0.841493	0.258810
30	scene 1	3.954464	auc	0.501066	0.494420	0.431313	0.501655	0.501311	0.505369
30	scene 1	3.954464	ndcg	0.000000	0.000000	0.000000	0.000000	0.000000	0.000000
30	scene 2	3.954464	auc	0.691525	0.462432	0.442850	0.683155	0.695367	0.502410
30	scene 1	3.954464	ndcg	0.237584	0.000000	0.000000	0.716295	0.385542	0.000000
30	scene 2	3.954464	auc	0.693874	0.491398	0.471801	0.696248	0.711132	0.486897
30	scene 3	3.954464	ndcg	0.500876	0.000000	0.000000	0.600002	0.442700	0.000000
30	scene 4	3.954464	auc	0.681287	0.434329	0.369586	0.676338	0.688130	0.688130
30	scene 4	3.954464	ndcg	0.738557	0.000000	0.000000	0.933743	0.841493	0.000000
31	total scene	4.070356	auc	0.730076	0.479184	0.429447	0.736118	0.734728	0.490031
31	total scene	4.070356	ndcg	0.711618	0.220092	0.000000	0.826813	0.863015	0.195189
31	scene 1	3.953413	auc	0.501005	0.492219	0.439009	0.501357	0.501615	0.506014
31	scene 1	3.953413	ndcg	0.000000	0.000000	0.000000	0.000000	0.000000	0.000000
31	scene 2	3.953413	auc	0.690144	0.461639	0.442541	0.682858	0.694468	0.502810
31	scene 1	3.953413	ndcg	0.237584	0.000000	0.000000	0.779763	0.386347	0.000000
31	scene 2	3.953413	auc	0.693138	0.488242	0.473348	0.695848	0.711153	0.487312
31	scene 3	3.953413	ndcg	0.548137	0.000000	0.000000	0.600431	0.442700	0.000000
31	scene 4	3.953413	auc	0.677930	0.435345	0.367197	0.675299	0.685026	0.685026
31	scene 4	3.953413	ndcg	0.738559	0.000000	0.000000	0.933746	0.841493	0.000000
32	total scene	4.071586	auc	0.729523	0.480470	0.430874	0.734958	0.735880	0.491366
32	total scene	4.071586	ndcg	0.768227	0.220092	0.000000	1.000000	0.746705	0.204834
32	scene 1	3.952514	auc	0.501026	0.491819	0.435972	0.500735	0.501105	0.506812
32	scene 1	3.952514	ndcg	0.000000	0.000000	0.000000	0.000000	0.000000	0.000000
32	scene 2	3.952514	auc	0.689488	0.460683	0.443712	0.681312	0.694844	0.503426
32	scene 1	3.952514	ndcg	0.237587	0.000000	0.000000	0.739329	0.384595	0.000000
32	scene 2	3.952514	auc	0.694453	0.491166	0.470640	0.695297	0.711785	0.487969
32	scene 3	3.952514	ndcg	0.493160	0.000000	0.000000	0.600009	0.442700	0.000000
32	scene 4	3.952514	auc	0.678021	0.437895	0.366879	0.673307	0.684521	0.684521
32	scene 4	3.952514	ndcg	0.738557	0.000000	0.000000	0.933746	0.841493	0.000549
33	total scene	4.068385	auc	0.727481	0.480828	0.431183	0.733451	0.734187	0.495817
33	total scene	4.068385	ndcg	0.779908	0.220092	0.000000	0.851236	0.826813	0.297370
33	scene 1	3.951820	auc	0.500916	0.491297	0.437696	0.501689	0.501430	0.508842
33	scene 1	3.951820	ndcg	0.000000	0.000000	0.000000	0.000000	0.000000	0.000000
33	scene 2	3.951820	auc	0.690281	0.460888	0.443625	0.682169	0.694689	0.506410
33	scene 1	3.951820	ndcg	0.237584	0.000000	0.000000	0.716348	0.371021	0.000000
33	scene 2	3.951820	auc	0.694061	0.490106	0.465387	0.696596	0.711667	0.491391
33	scene 3	3.951820	ndcg	0.510654	0.000000	0.000000	0.515298	0.442700	0.000000
33	scene 4	3.951820	auc	0.682569	0.437312	0.369738	0.678224	0.686347	0.686347
33	scene 4	3.951820	ndcg	0.739395	0.000000	0.000000	0.933085	0.841493	0.000329
34	total scene	4.070310	auc	0.728412	0.479716	0.432420	0.733648	0.734676	0.472137
34	total scene	4.070310	ndcg	0.779908	0.283713	0.000000	0.848603	0.587550	0.247031
34	scene 1	3.950610	auc	0.501150	0.493217	0.438586	0.501478	0.501165	0.495139
34	scene 1	3.950610	ndcg	0.000000	0.000000	0.000000	0.000000	0.000000	0.000000
34	scene 2	3.950610	auc	0.689983	0.459980	0.444693	0.682101	0.694538	0.490313
34	scene 1	3.950610	ndcg	0.237584	0.000000	0.000000	0.749366	0.386347	0.000000
34	scene 2	3.950610	auc	0.693883	0.489906	0.471548	0.695757	0.712462	0.473650
34	scene 3	3.950610	ndcg	0.548333	0.000000	0.000000	0.592851	0.442700	0.000000
34	scene 4	3.950610	auc	0.678503	0.435923	0.367359	0.674941	0.684344	0.684344
34	scene 4	3.950610	ndcg	0.738558	0.000000	0.000000	0.933743	0.841493	0.000000
35	total scene	4.069178	auc	0.728121	0.480692	0.432303	0.731879	0.732588	0.482908
35	total scene	4.069178	ndcg	0.841493	0.220092	0.000000	0.394495	0.375768	0.481900
35	scene 1	3.949412	auc	0.500956	0.491880	0.441872	0.501301	0.501605	0.495385
35	scene 1	3.949412	ndcg	0.000000	0.000000	0.000000	0.000000	0.000000	0.000000
35	scene 2	3.949412	auc	0.690432	0.460532	0.444769	0.681242	0.693554	0.496835
35	scene 1	3.949412	ndcg	0.237584	0.000000	0.000000	0.716288	0.378009	0.000000
35	scene 2	3.949412	auc	0.693659	0.488653	0.468809	0.694845	0.711025	0.477403
35	scene 3	3.949412	ndcg	0.468038	0.000000	0.000000	0.600425	0.442700	0.000000
35	scene 4	3.949412	auc	0.679549	0.434784	0.365741	0.673763	0.683389	0.683389
35	scene 4	3.949412	ndcg	0.738557	0.000000	0.000000	0.887211	0.841493	0.000000
36	total scene	4.070123	auc	0.726115	0.481833	0.431854	0.730489	0.731358	0.482456
36	total scene	4.070123	ndcg	0.574792	0.220092	0.000000	0.930569	0.864315	0.488645
36	scene 1	3.948295	auc	0.500444	0.494299	0.438583	0.501480	0.501430	0.495508
36	scene 1	3.948295	ndcg	0.000000	0.000000	0.000000	0.000000	0.000000	0.000000
36	scene 2	3.948295	auc	0.688591	0.460706	0.443890	0.680520	0.692442	0.496744
36	scene 1	3.948295	ndcg	0.237584	0.000000	0.000000	0.773525	0.317497	0.000000
36	scene 2	3.948295	auc	0.691442	0.488014	0.463333	0.694383	0.708132	0.476891
36	scene 3	3.948295	ndcg	0.485389	0.000000	0.000000	0.595431	0.442700	0.000000
36	scene 4	3.948295	auc	0.679777	0.438425	0.372096	0.676403	0.684183	0.684183
36	scene 4	3.948295	ndcg	0.738557	0.000000	0.000000	0.864315	0.841493	0.000000
37	total scene	4.069615	auc	0.724301	0.479065	0.431367	0.730780	0.730519	0.488393
37	total scene	4.069615	ndcg	0.731263	0.220092	0.000000	0.936379	0.796761	0.588750
37	scene 1	3.947149	auc	0.500436	0.488716	0.438265	0.501896	0.501184	0.497098
37	scene 1	3.947149	ndcg	0.000000	0.000000	0.000000	0.000000	0.000000	0.000000
37	scene 2	3.947149	auc	0.687604	0.457794	0.443320	0.679953	0.691870	0.499430
37	scene 1	3.947149	ndcg	0.237584	0.000000	0.000000	0.716287	0.316916	0.000000
37	scene 2	3.947149	auc	0.691341	0.488146	0.469554	0.692630	0.707815	0.479596
37	scene 3	3.947149	ndcg	0.487631	0.000000	0.000000	0.599723	0.442700	0.000000
37	scene 4	3.947149	auc	0.680634	0.436219	0.369035	0.674098	0.685742	0.685742
37	scene 4	3.947149	ndcg	0.738557	0.000000	0.000000	0.915071	0.841493	0.000000
38	total scene	4.069960	auc	0.724650	0.478096	0.431987	0.730016	0.730202	0.497088
38	total scene	4.069960	ndcg	0.640309	0.220092	0.000000	0.448030	0.681206	0.567043
38	scene 1	3.947567	auc	0.500699	0.487183	0.435792	0.501032	0.501813	0.504168
38	scene 1	3.947567	ndcg	0.000000	0.000000	0.000000	0.000000	0.000000	0.000000
38	scene 2	3.947567	auc	0.687440	0.457016	0.443579	0.679467	0.691740	0.506303
38	scene 1	3.947567	ndcg	0.237584	0.000000	0.000000	0.716562	0.316917	0.000000
38	scene 2	3.947567	auc	0.690091	0.486083	0.468601	0.692017	0.709228	0.491706
38	scene 3	3.947567	ndcg	0.484716	0.000000	0.000000	0.600407	0.442700	0.000000
38	scene 4	3.947567	auc	0.676784	0.436416	0.367986	0.672188	0.683880	0.683880
38	scene 4	3.947567	ndcg	0.738557	0.000000	0.000000	0.864318	0.841491	0.000000
39	total scene	4.070579	auc	0.726270	0.480694	0.432178	0.731695	0.728820	0.506696
39	total scene	4.070579	ndcg	0.706563	0.220092	0.000000	1.000000	0.811556	0.302404
39	scene 1	3.946043	auc	0.501079	0.491197	0.441159	0.501269	0.501066	0.502616
39	scene 1	3.946043	ndcg	0.000000	0.000000	0.000000	0.000000	0.000000	0.000000
39	scene 2	3.946043	auc	0.688407	0.458937	0.443797	0.680648	0.690936	0.508215
39	scene 1	3.946043	ndcg	0.237588	0.000000	0.000000	0.716287	0.316916	0.000000
39	scene 2	3.946043	auc	0.691088	0.487636	0.469777	0.693482	0.707069	0.502706
39	scene 3	3.946043	ndcg	0.548333	0.000000	0.000000	0.600343	0.442700	0.000000
39	scene 4	3.946043	auc	0.678896	0.436436	0.368179	0.675237	0.684410	0.684410
39	scene 4	3.946043	ndcg	0.738557	0.000000	0.000000	0.864359	0.841492	0.000000
40	total scene	4.069951	auc	0.725598	0.481459	0.432934	0.729486	0.728389	0.506728
40	total scene	4.069951	ndcg	0.751092	0.220092	0.000000	0.787774	0.684837	0.273587
40	scene 1	3.945195	auc	0.500723	0.490702	0.445246	0.500974	0.500851	0.502188
40	scene 1	3.945195	ndcg	0.000000	0.000000	0.000000	0.000000	0.000000	0.000000
40	scene 2	3.945195	auc	0.688314	0.459489	0.444595	0.679815	0.690683	0.508250
40	scene 1	3.945195	ndcg	0.237584	0.000000	0.000000	0.717455	0.316916	0.000000
40	scene 2	3.945195	auc	0.691835	0.486900	0.460714	0.693177	0.706451	0.502383
40	scene 3	3.945195	ndcg	0.548296	0.000000	0.000000	0.585186	0.442700	0.000000
40	scene 4	3.945195	auc	0.677708	0.437769	0.365100	0.674247	0.683449	0.683449
40	scene 4	3.945195	ndcg	0.738557	0.000000	0.000000	0.933727	0.841493	0.000000
41	total scene	4.068801	auc	0.721780	0.480665	0.433154	0.728125	0.725275	0.506655
41	total scene	4.068801	ndcg	0.750336	0.220092	0.000000	0.914857	0.596517	0.302404
41	scene 1	3.944797	auc	0.500343	0.489054	0.447188	0.501124	0.500430	0.501738
41	scene 1	3.944797	ndcg	0.000000	0.000000	0.000000	0.000000	0.000000	0.000000
41	scene 2	3.944797	auc	0.686187	0.458035	0.444482	0.679748	0.689292	0.508225
41	scene 1	3.944797	ndcg	0.237584	0.000000	0.000000	0.716287	0.316916	0.000000
41	scene 2	3.944797	auc	0.687548	0.488261	0.462842	0.692438	0.702460	0.502292
41	scene 3	3.944797	ndcg	0.502577	0.000000	0.000000	0.600424	0.442700	0.000000
41	scene 4	3.944797	auc	0.678248	0.436971	0.366426	0.675832	0.685497	0.685497
41	scene 4	3.944797	ndcg	0.738557	0.000000	0.000000	0.864315	0.841493	0.000000
42	total scene	4.073395	auc	0.723794	0.478095	0.432949	0.730993	0.728592	0.506578
42	total scene	4.073395	ndcg	0.752969	0.220092	0.000000	0.796761	0.669862	0.273587
42	scene 1	3.943496	auc	0.500567	0.490398	0.441333	0.501209	0.501124	0.501062
42	scene 1	3.943496	ndcg	0.000000	0.000000	0.000000	0.000000	0.000000	0.000000
42	scene 2	3.943496	auc	0.686424	0.455514	0.444117	0.679938	0.690200	0.508149
42	scene 1	3.943496	ndcg	0.249754	0.000000	0.000000	0.716288	0.316916	0.000000
42	scene 2	3.943496	auc	0.688447	0.483948	0.463423	0.690976	0.706663	0.501735
42	scene 3	3.943496	ndcg	0.494843	0.000000	0.000000	0.600271	0.442700	0.000000
42	scene 4	3.943496	auc	0.675280	0.437078	0.365140	0.672229	0.678523	0.678523
42	scene 4	3.943496	ndcg	0.738557	0.000000	0.000000	0.864315	0.841493	0.000000
43	total scene	4.073392	auc	0.724505	0.479965	0.433168	0.729969	0.728004	0.506721
43	total scene	4.073392	ndcg	0.618866	0.220092	0.000000	0.820523	0.646856	0.273587
43	scene 1	3.942573	auc	0.501397	0.488614	0.436136	0.501154	0.501636	0.501986
43	scene 1	3.942573	ndcg	0.000000	0.000000	0.000000	0.000000	0.000000	0.000000
43	scene 2	3.942573	auc	0.685838	0.457848	0.445353	0.678399	0.689650	0.508274
43	scene 1	3.942573	ndcg	0.237585	0.000000	0.000000	0.716288	0.316916	0.000000
43	scene 2	3.942573	auc	0.690393	0.486107	0.463452	0.691928	0.705951	0.501728
43	scene 3	3.942573	ndcg	0.548332	0.000000	0.000000	0.600431	0.442700	0.000000
43	scene 4	3.942573	auc	0.671263	0.438828	0.361456	0.668603	0.677428	0.677428
43	scene 4	3.942573	ndcg	0.738557	0.000000	0.000000	0.864315	0.841493	0.000000
44	total scene	4.070707	auc	0.721611	0.480809	0.433227	0.724807	0.725681	0.506852
44	total scene	4.070707	ndcg	0.765594	0.220092	0.000000	0.763193	0.860382	0.273587
44	scene 1	3.941856	auc	0.500629	0.488451	0.436664	0.500738	0.500761	0.502184
44	scene 1	3.941856	ndcg	0.000000	0.000000	0.000000	0.000000	0.000000	0.000000
44	scene 2	3.941856	auc	0.685478	0.457852	0.444282	0.677196	0.688981	0.508295
44	scene 1	3.941856	ndcg	0.237584	0.000000	0.000000	0.716288	0.316917	0.000000
44	scene 2	3.941856	auc	0.689057	0.486323	0.464345	0.691179	0.705453	0.501935
44	scene 3	3.941856	ndcg	0.518764	0.000000	0.000000	0.600431	0.442700	0.000000
44	scene 4	3.941856	auc	0.677006	0.437266	0.365355	0.672548	0.682205	0.682205
44	scene 4	3.941856	ndcg	0.738557	0.000000	0.000000	0.864315	0.841493	0.000000
45	total scene	4.070780	auc	0.722150	0.479648	0.434975	0.728557	0.724505	0.506970
45	total scene	4.070780	ndcg	0.457636	0.220092	0.000000	0.562193	0.397493	0.273587
45	scene 1	3.941331	auc	0.499646	0.490095	0.430836	0.501420	0.500251	0.501886
45	scene 1	3.941331	ndcg	0.000000	0.000000	0.000000	0.000000	0.000000	0.000000
45	scene 2	3.941331	auc	0.686017	0.456566	0.446135	0.679212	0.688265	0.508308
45	scene 1	3.941331	ndcg	0.237584	0.000000	0.000000	0.716287	0.316919	0.000000
45	scene 2	3.941331	auc	0.687750	0.485126	0.459182	0.691623	0.701497	0.502087
45	scene 3	3.941331	ndcg	0.548326	0.000000	0.000000	0.600430	0.442700	0.000000
45	scene 4	3.941331	auc	0.677242	0.439319	0.360264	0.673252	0.680204	0.680204
45	scene 4	3.941331	ndcg	0.738557	0.000000	0.000000	0.864315	0.841493	0.000000
46	total scene	4.071429	auc	0.722288	0.480079	0.433941	0.724710	0.725087	0.506728
46	total scene	4.071429	ndcg	0.642923	0.220092	0.000000	0.926636	0.586116	0.302404
46	scene 1	3.940842	auc	0.500567	0.493780	0.436074	0.501244	0.499830	0.500896
46	scene 1	3.940842	ndcg	0.000000	0.000000	0.000000	0.000000	0.000000	0.000000
46	scene 2	3.940842	auc	0.685774	0.455713	0.445132	0.676617	0.688732	0.508180
46	scene 1	3.940842	ndcg	0.237654	0.000000	0.000000	0.716287	0.316916	0.000000
46	scene 2	3.940842	auc	0.686762	0.484123	0.459182	0.688791	0.700957	0.501149
46	scene 3	3.940842	ndcg	0.543561	0.000000	0.000000	0.600431	0.442700	0.000000
46	scene 4	3.940842	auc	0.675099	0.439370	0.362106	0.670584	0.679314	0.679314
46	scene 4	3.940842	ndcg	0.738557	0.000000	0.000000	0.864315	0.841493	0.000000
47	total scene	4.072083	auc	0.721741	0.481363	0.434904	0.727526	0.724891	0.506886
47	total scene	4.072083	ndcg	0.752969	0.220092	0.000000	0.665949	0.621401	0.302404
47	scene 1	3.939989	auc	0.500405	0.494237	0.431790	0.501510	0.500968	0.502038
47	scene 1	3.939989	ndcg	0.000000	0.000000	0.000000	0.000000	0.000000	0.000000
47	scene 2	3.939989	auc	0.684559	0.457074	0.445337	0.677696	0.688638	0.508286
47	scene 1	3.939989	ndcg	0.237688	0.000000	0.000000	0.716287	0.316916	0.000000
47	scene 2	3.939989	auc	0.688398	0.486380	0.462723	0.691048	0.699819	0.501327
47	scene 3	3.939989	ndcg	0.548333	0.000000	0.000000	0.600431	0.442700	0.000000
47	scene 4	3.939989	auc	0.672887	0.440180	0.361187	0.669727	0.678598	0.678598
47	scene 4	3.939989	ndcg	0.738557	0.000000	0.000000	0.933273	0.841493	0.000000
48	total scene	4.073359	auc	0.722086	0.480984	0.434588	0.727948	0.725216	0.506845
48	total scene	4.073359	ndcg	0.905212	0.220092	0.000000	0.926636	0.507238	0.302404
48	scene 1	3.939494	auc	0.500088	0.495904	0.431108	0.501391	0.501538	0.500689
48	scene 1	3.939494	ndcg	0.000000	0.000000	0.000000	0.000000	0.000000	0.000000
48	scene 2	3.939494	auc	0.685293	0.455402	0.445402	0.677196	0.687943	0.508224
48	scene 1	3.939494	ndcg	0.237589	0.000000	0.000000	0.716287	0.316916	0.000000
48	scene 2	3.939494	auc	0.687269	0.485717	0.462470	0.690035	0.700862	0.501326
48	scene 3	3.939494	ndcg	0.493931	0.000000	0.000000	0.600431	0.442700	0.000000
48	scene 4	3.939494	auc	0.672833	0.440356	0.360118	0.667685	0.675950	0.675950
48	scene 4	3.939494	ndcg	0.738557	0.000000	0.000000	0.933746	0.841493	0.000000
49	total scene	4.070281	auc	0.719176	0.480523	0.433939	0.725143	0.725158	0.506920
49	total scene	4.070281	ndcg	0.826813	0.220092	0.000000	0.926636	0.855348	0.302404
49	scene 1	3.939312	auc	0.500428	0.496554	0.426869	0.500857	0.499829	0.502334
49	scene 1	3.939312	ndcg	0.000000	0.000000	0.000000	0.000000	0.000000	0.000000
49	scene 2	3.939312	auc	0.684438	0.454417	0.444356	0.677187	0.688824	0.508312
49	scene 1	3.939312	ndcg	0.237654	0.000000	0.000000	0.716287	0.316916	0.000000
49	scene 2	3.939312	auc	0.685975	0.483133	0.456562	0.688198	0.701672	0.502374
49	scene 3	3.939312	ndcg	0.484718	0.000000	0.000000	0.586720	0.441793	0.000000
49	scene 4	3.939312	auc	0.677601	0.439141	0.357082	0.673224	0.682893	0.682893
49	scene 4	3.939312	ndcg	0.738557	0.000000	0.000000	0.930078	0.841493	0.000000
50	total scene	4.071680	auc	0.718303	0.482040	0.432374	0.722863	0.725217	0.507062
50	total scene	4.071680	ndcg	0.831848	0.220092	0.000000	0.889954	0.715551	0.302404
50	scene 1	3.938501	auc	0.500273	0.498464	0.427264	0.500501	0.500970	0.502292
50	scene 1	3.938501	ndcg	0.000000	0.000000	0.000000	0.000000	0.000000	0.000000
50	scene 2	3.938501	auc	0.683863	0.455167	0.443817	0.675514	0.688620	0.508422
50	scene 1	3.938501	ndcg	0.237584	0.000000	0.000000	0.716287	0.316916	0.000000
50	scene 2	3.938501	auc	0.683508	0.484241	0.453095	0.686626	0.701422	0.502058
50	scene 3	3.938501	ndcg	0.484769	0.000000	0.000000	0.570708	0.442700	0.000000
50	scene 4	3.938501	auc	0.676227	0.438800	0.352995	0.670629	0.679569	0.679569
50	scene 4	3.938501	ndcg	0.738557	0.000000	0.000000	0.864315	0.841493	0.000000
51	total scene	4.071836	auc	0.717476	0.481185	0.434182	0.723809	0.725853	0.507075
51	total scene	4.071836	ndcg	0.694765	0.220092	0.000000	0.921602	0.448669	0.302404
51	scene 1	3.938130	auc	0.499986	0.496356	0.427619	0.500857	0.500339	0.502004
51	scene 1	3.938130	ndcg	0.000000	0.000000	0.000000	0.000000	0.000000	0.000000
51	scene 2	3.938130	auc	0.682915	0.454020	0.444620	0.676111	0.688921	0.508511
51	scene 1	3.938130	ndcg	0.237584	0.000000	0.000000	0.716287	0.316916	0.000000
51	scene 2	3.938130	auc	0.683008	0.483099	0.459836	0.686894	0.701948	0.501120
51	scene 3	3.938130	ndcg	0.484712	0.000000	0.000000	0.598024	0.442700	0.000000
51	scene 4	3.938130	auc	0.674636	0.440683	0.354698	0.668715	0.678274	0.678274
51	scene 4	3.938130	ndcg	0.738557	0.000000	0.000000	0.864328	0.841493	0.000000
52	total scene	4.070071	auc	0.716917	0.482367	0.433507	0.722031	0.721240	0.507252
52	total scene	4.070071	ndcg	0.706544	0.220092	0.000000	0.857981	0.936379	0.302404
52	scene 1	3.937373	auc	0.499823	0.497595	0.430646	0.501126	0.500066	0.501504
52	scene 1	3.937373	ndcg	0.000000	0.000000	0.000000	0.000000	0.000000	0.000000
52	scene 2	3.937373	auc	0.682550	0.453548	0.443137	0.675697	0.686270	0.508494
52	scene 1	3.937373	ndcg	0.300229	0.000000	0.000000	0.716287	0.316916	0.000000
52	scene 2	3.937373	auc	0.685657	0.482587	0.457917	0.687511	0.698497	0.502194
52	scene 3	3.937373	ndcg	0.486399	0.000000	0.000000	0.600242	0.442700	0.000000
52	scene 4	3.937373	auc	0.675447	0.437873	0.355262	0.672735	0.680623	0.680623
52	scene 4	3.937373	ndcg	0.738557	0.000000	0.000000	0.865809	0.841493	0.000000
53	total scene	4.072366	auc	0.718130	0.482166	0.435698	0.726617	0.724505	0.509485
53	total scene	4.072366	ndcg	0.710477	0.220092	0.000000	0.778807	0.665949	0.390927
53	scene 1	3.937002	auc	0.500264	0.497626	0.441729	0.500917	0.499438	0.505240
53	scene 1	3.937002	ndcg	0.000000	0.000000	0.000000	0.000000	0.000000	0.000000
53	scene 2	3.937002	auc	0.682577	0.452608	0.445328	0.676808	0.687716	0.509461
53	scene 1	3.937002	ndcg	0.237584	0.000000	0.000000	0.716287	0.316916	0.000000
53	scene 2	3.937002	auc	0.684688	0.482355	0.447976	0.688565	0.702138	0.501616
53	scene 3	3.937002	ndcg	0.435921	0.000000	0.000000	0.600431	0.442700	0.000000
53	scene 4	3.937002	auc	0.670911	0.436160	0.353604	0.666567	0.676518	0.676518
53	scene 4	3.937002	ndcg	0.738557	0.000000	0.000000	0.864315	0.841493	0.000000
54	total scene	4.071800	auc	0.718275	0.480653	0.435896	0.724237	0.724174	0.509501
54	total scene	4.071800	ndcg	0.765594	0.220092	0.000000	0.855348	0.718342	0.375670
54	scene 1	3.935917	auc	0.499854	0.495087	0.426931	0.501156	0.500126	0.505416
54	scene 1	3.935917	ndcg	0.000000	0.000000	0.000000	0.000000	0.000000	0.000000
54	scene 2	3.935917	auc	0.682994	0.449584	0.445553	0.676495	0.687987	0.509468
54	scene 1	3.935917	ndcg	0.237584	0.000000	0.000000	0.716287	0.316916	0.000000
54	scene 2	3.935917	auc	0.684279	0.483611	0.455848	0.687659	0.699579	0.501800
54	scene 3	3.935917	ndcg	0.488513	0.000000	0.000000	0.600431	0.442700	0.000000
54	scene 4	3.935917	auc	0.672758	0.436007	0.355070	0.670368	0.680731	0.680731
54	scene 4	3.935917	ndcg	0.738557	0.000000	0.000000	0.864315	0.841493	0.000000
55	total scene	4.072936	auc	0.716397	0.482192	0.434028	0.723448	0.726653	0.509588
55	total scene	4.072936	ndcg	0.615406	0.220092	0.000000	0.857205	0.635256	0.375670
55	scene 1	3.935571	auc	0.500326	0.498584	0.430056	0.501127	0.501117	0.504664
55	scene 1	3.935571	ndcg	0.000000	0.000000	0.000000	0.000000	0.000000	0.000000
55	scene 2	3.935571	auc	0.681896	0.451691	0.443784	0.675303	0.688743	0.509488
55	scene 1	3.935571	ndcg	0.237584	0.000000	0.000000	0.716287	0.317330	0.000000
55	scene 2	3.935571	auc	0.681319	0.481829	0.457991	0.687070	0.703115	0.502181
55	scene 3	3.935571	ndcg	0.399587	0.000000	0.000000	0.600431	0.442700	0.000000
55	scene 4	3.935571	auc	0.673896	0.438902	0.350046	0.669005	0.677979	0.677979
55	scene 4	3.935571	ndcg	0.738557	0.000000	0.000000	0.952958	0.841493	0.000000
56	total scene	4.070423	auc	0.715868	0.481012	0.435702	0.719430	0.722332	0.509526
56	total scene	4.070423	ndcg	0.437807	0.220092	0.000000	0.860382	0.642187	0.375670
56	scene 1	3.935124	auc	0.500070	0.497257	0.427028	0.500533	0.500303	0.505896
56	scene 1	3.935124	ndcg	0.000000	0.000000	0.000000	0.000000	0.000000	0.000000
56	scene 2	3.935124	auc	0.682392	0.450015	0.445177	0.674277	0.687021	0.509406
56	scene 1	3.935124	ndcg	0.237584	0.000000	0.000000	0.716287	0.316916	0.000000
56	scene 2	3.935124	auc	0.680661	0.479624	0.451875	0.683311	0.697808	0.502413
56	scene 3	3.935124	ndcg	0.484592	0.000000	0.000000	0.600431	0.442700	0.000000
56	scene 4	3.935124	auc	0.675640	0.440451	0.349483	0.670036	0.680902	0.680902
56	scene 4	3.935124	ndcg	0.738557	0.000000	0.000000	0.864316	0.841493	0.000000
57	total scene	4.073435	auc	0.718884	0.480788	0.435764	0.724279	0.725676	0.509515
57	total scene	4.073435	ndcg	0.586872	0.220092	0.000000	0.914857	0.709740	0.370636
57	scene 1	3.934756	auc	0.500776	0.503874	0.428029	0.501008	0.501629	0.506373
57	scene 1	3.934756	ndcg	0.000000	0.000000	0.000000	0.000000	0.000000	0.000000
57	scene 2	3.934756	auc	0.683145	0.449761	0.445141	0.675623	0.688141	0.509401
57	scene 1	3.934756	ndcg	0.237584	0.000000	0.000000	0.716315	0.381071	0.000000
57	scene 2	3.934756	auc	0.684360	0.478814	0.460804	0.688530	0.702598	0.502053
57	scene 3	3.934756	ndcg	0.399638	0.000000	0.000000	0.600431	0.442700	0.000000
57	scene 4	3.934756	auc	0.672079	0.436594	0.350319	0.666770	0.674852	0.674852
57	scene 4	3.934756	ndcg	0.738557	0.000000	0.000000	0.884102	0.841493	0.000000
58	total scene	4.070864	auc	0.716605	0.483224	0.437215	0.722962	0.720910	0.509430
58	total scene	4.070864	ndcg	0.621401	0.220092	0.000000	0.784982	0.574792	0.360990
58	scene 1	3.933873	auc	0.500613	0.503276	0.433596	0.501426	0.500274	0.506394
58	scene 1	3.933873	ndcg	0.000000	0.000000	0.000000	0.000000	0.000000	0.000000
58	scene 2	3.933873	auc	0.682253	0.451254	0.446373	0.676449	0.685865	0.509367
58	scene 1	3.933873	ndcg	0.237584	0.000000	0.000000	0.716287	0.316956	0.000000
58	scene 2	3.933873	auc	0.683225	0.484481	0.454122	0.688523	0.700108	0.502615
58	scene 3	3.933873	ndcg	0.488710	0.000000	0.000000	0.600429	0.442700	0.000000
58	scene 4	3.933873	auc	0.674012	0.437953	0.349795	0.672086	0.680627	0.680627
58	scene 4	3.933873	ndcg	0.738557	0.000000	0.000000	0.927520	0.841493	0.000000
59	total scene	4.070904	auc	0.716179	0.482473	0.437798	0.723456	0.721821	0.509641
59	total scene	4.070904	ndcg	0.709740	0.220092	0.000000	0.456899	0.188444	0.360990
59	scene 1	3.934076	auc	0.499947	0.501306	0.433432	0.502110	0.501442	0.506410
59	scene 1	3.934076	ndcg	0.000000	0.000000	0.000000	0.000000	0.000000	0.000000
59	scene 2	3.934076	auc	0.682055	0.451555	0.446632	0.676394	0.686640	0.509435
59	scene 1	3.934076	ndcg	0.237584	0.000000	0.000000	0.716287	0.316916	0.000000
59	scene 2	3.934076	auc	0.683450	0.484263	0.452173	0.689825	0.701393	0.502816
59	scene 3	3.934076	ndcg	0.404895	0.000000	0.000000	0.600431	0.442697	0.000000
59	scene 4	3.934076	auc	0.673593	0.439076	0.350059	0.670070	0.679032	0.679032
59	scene 4	3.934076	ndcg	0.738557	0.000000	0.000000	0.864319	0.841493	0.000000
60	total scene	4.071995	auc	0.716902	0.481731	0.436543	0.723890	0.720590	0.509296
60	total scene	4.071995	ndcg	0.678049	0.220092	0.000000	0.681206	0.752969	0.360990
60	scene 1	3.932626	auc	0.500233	0.501587	0.432503	0.501723	0.499675	0.505581
60	scene 1	3.932626	ndcg	0.000000	0.000000	0.000000	0.000000	0.000000	0.000000
60	scene 2	3.932626	auc	0.681950	0.449915	0.446091	0.676359	0.685785	0.509200
60	scene 1	3.932626	ndcg	0.237584	0.000000	0.000000	0.716287	0.316916	0.000000
60	scene 2	3.932626	auc	0.681820	0.483096	0.451295	0.685264	0.696662	0.502407
60	scene 3	3.932626	ndcg	0.484712	0.000000	0.000000	0.600105	0.442700	0.000000
60	scene 4	3.932626	auc	0.672633	0.437761	0.347635	0.672429	0.677720	0.677720
60	scene 4	3.932626	ndcg	0.738557	0.000000	0.000000	0.864463	0.841493	0.000000
61	total scene	4.071319	auc	0.717916	0.483176	0.435313	0.726215	0.721066	0.509453
61	total scene	4.071319	ndcg	0.791706	0.220092	0.000000	0.848603	0.777872	0.360990
61	scene 1	3.932747	auc	0.499854	0.501342	0.425540	0.501452	0.499615	0.505617
61	scene 1	3.932747	ndcg	0.000000	0.000000	0.000000	0.000000	0.000000	0.000000
61	scene 2	3.932747	auc	0.682750	0.450211	0.444584	0.677119	0.686093	0.509265
61	scene 1	3.932747	ndcg	0.237584	0.000000	0.000000	0.716287	0.316916	0.000000
61	scene 2	3.932747	auc	0.686473	0.481918	0.453140	0.688291	0.698798	0.503244
61	scene 3	3.932747	ndcg	0.485132	0.000000	0.000000	0.600431	0.442700	0.000000
61	scene 4	3.932747	auc	0.674159	0.439942	0.345268	0.671687	0.678136	0.678136
61	scene 4	3.932747	ndcg	0.738557	0.000000	0.000000	0.864345	0.841493	0.000000
62	total scene	4.071609	auc	0.718503	0.482854	0.436201	0.724631	0.722653	0.509484
62	total scene	4.071609	ndcg	0.905212	0.220092	0.000000	0.419398	0.530546	0.360990
62	scene 1	3.932083	auc	0.500714	0.503770	0.431446	0.501066	0.500067	0.505511
62	scene 1	3.932083	ndcg	0.000000	0.000000	0.000000	0.000000	0.000000	0.000000
62	scene 2	3.932083	auc	0.682821	0.450314	0.445607	0.676219	0.686611	0.509366
62	scene 1	3.932083	ndcg	0.237584	0.000000	0.000000	0.716287	0.316916	0.000000
62	scene 2	3.932083	auc	0.683950	0.482361	0.451994	0.689402	0.699277	0.501983
62	scene 3	3.932083	ndcg	0.485468	0.000000	0.000000	0.599721	0.442700	0.000000
62	scene 4	3.932083	auc	0.675192	0.439122	0.346393	0.672086	0.680079	0.680079
62	scene 4	3.932083	ndcg	0.738557	0.000000	0.000000	0.929411	0.841493	0.000000
63	total scene	4.072411	auc	0.719583	0.484339	0.437320	0.723755	0.723195	0.509545
63	total scene	4.072411	ndcg	0.930569	0.220092	0.000000	0.870125	0.476847	0.360990
63	scene 1	3.931585	auc	0.500110	0.508984	0.431759	0.500621	0.500037	0.505506
63	scene 1	3.931585	ndcg	0.000000	0.000000	0.000000	0.000000	0.000000	0.000000
63	scene 2	3.931585	auc	0.683493	0.450165	0.446345	0.675723	0.686734	0.509366
63	scene 1	3.931585	ndcg	0.237584	0.000000	0.000000	0.716287	0.316916	0.000000
63	scene 2	3.931585	auc	0.684102	0.483296	0.457679	0.687074	0.698631	0.503089
63	scene 3	3.931585	ndcg	0.485004	0.000000	0.000000	0.591529	0.442700	0.000000
63	scene 4	3.931585	auc	0.671947	0.441504	0.344838	0.669012	0.676076	0.676076
63	scene 4	3.931585	ndcg	0.738560	0.000000	0.000000	0.864315	0.841493	0.000000
64	total scene	4.071813	auc	0.718207	0.482682	0.439254	0.717697	0.721818	0.509874
64	total scene	4.071813	ndcg	0.710477	0.220092	0.000000	0.681661	0.472894	0.360990
64	scene 1	3.930616	auc	0.499884	0.505565	0.435217	0.500117	0.500214	0.504812
64	scene 1	3.930616	ndcg	0.000000	0.000000	0.000000	0.000000	0.000000	0.000000
64	scene 2	3.930616	auc	0.682632	0.447769	0.447384	0.672748	0.686170	0.509452
64	scene 1	3.930616	ndcg	0.237584	0.000000	0.000000	0.716287	0.316916	0.000000
64	scene 2	3.930616	auc	0.683488	0.480586	0.454777	0.683566	0.697883	0.503250
64	scene 3	3.930616	ndcg	0.484733	0.000000	0.000000	0.515288	0.442699	0.000000
64	scene 4	3.930616	auc	0.672284	0.440280	0.346797	0.668194	0.676446	0.676446
64	scene 4	3.930616	ndcg	0.742582	0.000000	0.000000	0.864315	0.841493	0.000000
65	total scene	4.070473	auc	0.717225	0.483600	0.439011	0.725257	0.720338	0.510863
65	total scene	4.070473	ndcg	0.775994	0.220092	0.000000	0.710477	0.646856	0.366703
65	scene 1	3.931014	auc	0.500264	0.508669	0.430415	0.500561	0.500333	0.507092
65	scene 1	3.931014	ndcg	0.000000	0.000000	0.000000	0.000000	0.000000	0.000000
65	scene 2	3.931014	auc	0.682347	0.447257	0.447027	0.676379	0.685703	0.509824
65	scene 1	3.931014	ndcg	0.237586	0.000000	0.000000	0.716287	0.316916	0.000000
65	scene 2	3.931014	auc	0.681587	0.480668	0.452842	0.687176	0.695759	0.503823
65	scene 3	3.931014	ndcg	0.455290	0.000000	0.000000	0.600429	0.442700	0.000000
65	scene 4	3.931014	auc	0.675542	0.440356	0.343843	0.672284	0.679710	0.679710
65	scene 4	3.931014	ndcg	0.738557	0.000000	0.000000	0.864315	0.841493	0.000000
66	total scene	4.070973	auc	0.717669	0.485036	0.438703	0.723188	0.721710	0.510775
66	total scene	4.070973	ndcg	0.836459	0.220092	0.000000	0.861138	0.712374	0.381960
66	scene 1	3.929973	auc	0.500202	0.511251	0.428460	0.501276	0.500215	0.506751
66	scene 1	3.929973	ndcg	0.000000	0.000000	0.000000	0.000000	0.000000	0.000000
66	scene 2	3.929973	auc	0.682698	0.448050	0.446591	0.675463	0.686355	0.509752
66	scene 1	3.929973	ndcg	0.237584	0.000000	0.000000	0.716287	0.316916	0.000000
66	scene 2	3.929973	auc	0.681523	0.481449	0.449568	0.686426	0.696778	0.503766
66	scene 3	3.929973	ndcg	0.484712	0.000000	0.000000	0.516911	0.304903	0.000000
66	scene 4	3.929973	auc	0.674402	0.441643	0.348199	0.669719	0.679643	0.679643
66	scene 4	3.929973	ndcg	0.738557	0.000000	0.000000	0.864315	0.841493	0.000000
67	total scene	4.071617	auc	0.717451	0.483324	0.439485	0.724359	0.720580	0.514079
67	total scene	4.071617	ndcg	0.662114	0.220092	0.000000	0.766349	0.716768	0.478902
67	scene 1	3.928859	auc	0.500140	0.508039	0.432991	0.500560	0.500185	0.509179
67	scene 1	3.928859	ndcg	0.000000	0.000000	0.000000	0.000000	0.000000	0.000000
67	scene 2	3.928859	auc	0.682277	0.446397	0.447229	0.676065	0.685753	0.510638
67	scene 1	3.928859	ndcg	0.237584	0.000000	0.000000	0.716287	0.316916	0.000000
67	scene 2	3.928859	auc	0.683228	0.483366	0.450000	0.688701	0.697048	0.505585
67	scene 3	3.928859	ndcg	0.484712	0.000000	0.000000	0.600409	0.442700	0.000000
67	scene 4	3.928859	auc	0.672071	0.440698	0.345891	0.669461	0.678222	0.678222
67	scene 4	3.928859	ndcg	0.738557	0.000000	0.000000	0.866219	0.841493	0.000000
68	total scene	4.071728	auc	0.716868	0.482521	0.439236	0.721716	0.721310	0.514292
68	total scene	4.071728	ndcg	0.726413	0.220092	0.000000	0.848603	0.766349	0.478902
68	scene 1	3.929104	auc	0.500078	0.512295	0.436264	0.500620	0.500185	0.509698
68	scene 1	3.929104	ndcg	0.000000	0.000000	0.000000	0.000000	0.000000	0.000000
68	scene 2	3.929104	auc	0.681742	0.444634	0.447208	0.673965	0.685933	0.510772
68	scene 1	3.929104	ndcg	0.237584	0.000000	0.000000	0.716287	0.320079	0.000000
68	scene 2	3.929104	auc	0.683457	0.481106	0.453319	0.684606	0.698979	0.505737
68	scene 3	3.929104	ndcg	0.399945	0.000000	0.000000	0.600431	0.442700	0.000000
68	scene 4	3.929104	auc	0.673541	0.438799	0.340818	0.668851	0.679287	0.679287
68	scene 4	3.929104	ndcg	0.738557	0.000000	0.000000	0.928635	0.841493	0.000000
69	total scene	4.074405	auc	0.717063	0.482939	0.439092	0.720994	0.721853	0.514324
69	total scene	4.074405	ndcg	0.794883	0.220092	0.000000	0.861138	0.477967	0.478902
69	scene 1	3.928838	auc	0.500520	0.516271	0.431272	0.501277	0.500097	0.509413
69	scene 1	3.928838	ndcg	0.000000	0.000000	0.000000	0.000000	0.000000	0.000000
69	scene 2	3.928838	auc	0.681415	0.445191	0.447468	0.673714	0.685464	0.510785
69	scene 1	3.928838	ndcg	0.237584	0.000000	0.000000	0.716287	0.333337	0.000000
69	scene 2	3.928838	auc	0.684076	0.482608	0.453170	0.685204	0.699021	0.505653
69	scene 3	3.928838	ndcg	0.548333	0.000000	0.000000	0.600431	0.442700	0.000000
69	scene 4	3.928838	auc	0.671658	0.441080	0.340096	0.668378	0.674111	0.674111
69	scene 4	3.928838	ndcg	0.738557	0.000000	0.000000	0.929478	0.841493	0.000000
70	total scene	4.073205	auc	0.718785	0.481922	0.440131	0.723385	0.720140	0.514118
70	total scene	4.073205	ndcg	0.860382	0.220092	0.000000	0.408073	0.268738	0.481535
70	scene 1	3.928595	auc	0.500273	0.511172	0.433186	0.500531	0.500067	0.508420
70	scene 1	3.928595	ndcg	0.000000	0.000000	0.000000	0.000000	0.000000	0.000000
70	scene 2	3.928595	auc	0.682640	0.444093	0.447414	0.674682	0.684975	0.510672
70	scene 1	3.928595	ndcg	0.237584	0.000000	0.000000	0.716287	0.318378	0.000000
70	scene 2	3.928595	auc	0.681957	0.480865	0.457426	0.684939	0.695859	0.505287
70	scene 3	3.928595	ndcg	0.442937	0.000000	0.000000	0.600429	0.442700	0.000000
70	scene 4	3.928595	auc	0.669745	0.437932	0.344197	0.666920	0.673906	0.673906
70	scene 4	3.928595	ndcg	0.738557	0.000000	0.000000	0.930958	0.841493	0.000000
71	total scene	4.072352	auc	0.718041	0.483523	0.440524	0.720461	0.716627	0.514192
71	total scene	4.072352	ndcg	0.775239	0.220092	0.000000	0.851236	0.921602	0.478902
71	scene 1	3.928162	auc	0.500397	0.513885	0.433037	0.500681	0.500333	0.508522
71	scene 1	3.928162	ndcg	0.000000	0.000000	0.000000	0.000000	0.000000	0.000000
71	scene 2	3.928162	auc	0.682477	0.445299	0.447886	0.673494	0.682930	0.510699
71	scene 1	3.928162	ndcg	0.237584	0.000000	0.000000	0.716287	0.316916	0.000000
71	scene 2	3.928162	auc	0.682427	0.485157	0.453423	0.681021	0.693539	0.505657
71	scene 3	3.928162	ndcg	0.547893	0.000000	0.000000	0.518511	0.442700	0.000000
71	scene 4	3.928162	auc	0.671102	0.440981	0.347433	0.666625	0.674874	0.674874
71	scene 4	3.928162	ndcg	0.738557	0.000000	0.000000	0.864316	0.841493	0.000000
72	total scene	4.072474	auc	0.716505	0.483501	0.441811	0.724979	0.718786	0.514157
72	total scene	4.072474	ndcg	0.826813	0.220092	0.000000	0.779908	0.684837	0.478902
72	scene 1	3.927480	auc	0.500428	0.511431	0.424381	0.501364	0.500185	0.507438
72	scene 1	3.927480	ndcg	0.000000	0.000000	0.000000	0.000000	0.000000	0.000000
72	scene 2	3.927480	auc	0.681503	0.444186	0.448619	0.675878	0.684047	0.510730
72	scene 1	3.927480	ndcg	0.237584	0.000000	0.000000	0.716287	0.316916	0.000000
72	scene 2	3.927480	auc	0.681387	0.481324	0.454762	0.689481	0.695056	0.505235
72	scene 3	3.927480	ndcg	0.486456	0.000000	0.000000	0.599620	0.442700	0.000000
72	scene 4	3.927480	auc	0.671552	0.441255	0.345900	0.667803	0.675184	0.675184
72	scene 4	3.927480	ndcg	0.738557	0.000000	0.000000	0.985948	0.841493	0.000000
73	total scene	4.075080	auc	0.718239	0.483659	0.441439	0.726528	0.722373	0.514276
73	total scene	4.075080	ndcg	0.716287	0.220092	0.000000	0.633297	0.621697	0.478902
73	scene 1	3.927005	auc	0.500272	0.510802	0.431477	0.501809	0.500547	0.508872
73	scene 1	3.927005	ndcg	0.000000	0.000000	0.000000	0.000000	0.000000	0.000000
73	scene 2	3.927005	auc	0.681286	0.444879	0.448479	0.676032	0.685515	0.510885
73	scene 1	3.927005	ndcg	0.237630	0.000000	0.000000	0.716287	0.317041	0.000000
73	scene 2	3.927005	auc	0.681904	0.481714	0.456101	0.688167	0.697363	0.505365
73	scene 3	3.927005	ndcg	0.484712	0.000000	0.000000	0.600437	0.442700	0.000000
73	scene 4	3.927005	auc	0.671544	0.440546	0.350575	0.667867	0.675316	0.675316
73	scene 4	3.927005	ndcg	0.738557	0.000000	0.000000	0.973654	0.841493	0.000000
74	total scene	4.073525	auc	0.715146	0.484449	0.441475	0.726133	0.721059	0.514336
74	total scene	4.073525	ndcg	0.325064	0.220092	0.000000	0.797517	0.706584	0.478902
74	scene 1	3.926327	auc	0.500714	0.511571	0.426700	0.501722	0.501265	0.509144
74	scene 1	3.926327	ndcg	0.000000	0.000000	0.000000	0.000000	0.000000	0.000000
74	scene 2	3.926327	auc	0.679790	0.445799	0.448467	0.675607	0.685290	0.510801
74	scene 1	3.926327	ndcg	0.237584	0.000000	0.000000	0.716287	0.316933	0.000000
74	scene 2	3.926327	auc	0.681071	0.484229	0.460015	0.686745	0.695453	0.505897
74	scene 3	3.926327	ndcg	0.548303	0.000000	0.000000	0.600431	0.442700	0.000000
74	scene 4	3.926327	auc	0.666684	0.439637	0.352094	0.664030	0.675277	0.675277
74	scene 4	3.926327	ndcg	0.738557	0.000000	0.000000	0.934246	0.841493	0.000000
75	total scene	4.072015	auc	0.710531	0.485799	0.443253	0.719511	0.717568	0.514646
75	total scene	4.072015	ndcg	0.606439	0.138862	0.000000	0.889954	0.848603	0.478902
75	scene 1	3.926440	auc	0.499783	0.512064	0.430358	0.500919	0.500333	0.508719
75	scene 1	3.926440	ndcg	0.000000	0.000000	0.000000	0.000000	0.000000	0.000000
75	scene 2	3.926440	auc	0.678222	0.445018	0.448708	0.673811	0.683408	0.510937
75	scene 1	3.926440	ndcg	0.237584	0.000000	0.000000	0.716287	0.316916	0.000000
75	scene 2	3.926440	auc	0.677860	0.480201	0.456414	0.682939	0.694682	0.505804
75	scene 3	3.926440	ndcg	0.399583	0.000000	0.000000	0.600431	0.442700	0.000000
75	scene 4	3.926440	auc	0.673787	0.442279	0.351242	0.669781	0.675832	0.675832
75	scene 4	3.926440	ndcg	0.738557	0.000000	0.000000	0.791706	0.841493	0.000000
76	total scene	4.073095	auc	0.714719	0.487423	0.444047	0.720287	0.716336	0.514571
76	total scene	4.073095	ndcg	0.820068	0.138862	0.000000	0.620397	0.611019	0.478902
76	scene 1	3.925673	auc	0.500264	0.514843	0.429630	0.500740	0.500422	0.508290
76	scene 1	3.925673	ndcg	0.000000	0.000000	0.000000	0.000000	0.000000	0.000000
76	scene 2	3.925673	auc	0.680351	0.447250	0.450476	0.672647	0.682401	0.510849
76	scene 1	3.925673	ndcg	0.237584	0.000000	0.000000	0.716288	0.316916	0.000000
76	scene 2	3.925673	auc	0.681911	0.482278	0.456667	0.683767	0.693100	0.505695
76	scene 3	3.925673	ndcg	0.477934	0.000000	0.000000	0.600431	0.442700	0.000000
76	scene 4	3.925673	auc	0.672528	0.443183	0.348988	0.665861	0.674448	0.674448
76	scene 4	3.925673	ndcg	0.848085	0.000000	0.000000	0.792169	0.841493	0.000000
77	total scene	4.072547	auc	0.715017	0.486104	0.442148	0.725032	0.719902	0.514687
77	total scene	4.072547	ndcg	0.826813	0.110046	0.000000	0.563110	0.855348	0.478902
77	scene 1	3.925808	auc	0.500008	0.515612	0.429476	0.501097	0.500244	0.507985
77	scene 1	3.925808	ndcg	0.000000	0.000000	0.000000	0.000000	0.000000	0.000000
77	scene 2	3.925808	auc	0.680906	0.445806	0.448218	0.675986	0.684695	0.510966
77	scene 1	3.925808	ndcg	0.237584	0.000000	0.000000	0.716287	0.316916	0.000000
77	scene 2	3.925808	auc	0.680587	0.481031	0.455982	0.686152	0.695525	0.505835
77	scene 3	3.925808	ndcg	0.484712	0.000000	0.000000	0.600431	0.442700	0.000000
77	scene 4	3.925808	auc	0.673621	0.443557	0.349378	0.668468	0.676431	0.676431
77	scene 4	3.925808	ndcg	0.738557	0.000000	0.000000	0.929560	0.841493	0.000000
78	total scene	4.070218	auc	0.715931	0.488305	0.443833	0.724354	0.715518	0.514718
78	total scene	4.070218	ndcg	0.681206	0.138862	0.000000	0.706563	0.747159	0.507718
78	scene 1	3.925016	auc	0.500264	0.517399	0.434597	0.501067	0.499911	0.508258
78	scene 1	3.925016	ndcg	0.000000	0.000000	0.000000	0.000000	0.000000	0.000000
78	scene 2	3.925016	auc	0.681300	0.445307	0.448652	0.675034	0.682432	0.510870
78	scene 1	3.925016	ndcg	0.237584	0.000000	0.000000	0.716287	0.333782	0.000000
78	scene 2	3.925016	auc	0.682878	0.478071	0.452485	0.686174	0.692879	0.505705
78	scene 3	3.925016	ndcg	0.548207	0.000000	0.000000	0.600431	0.442691	0.000000
78	scene 4	3.925016	auc	0.672726	0.444651	0.352797	0.665346	0.676627	0.676627
78	scene 4	3.925016	ndcg	0.848601	0.000000	0.000000	0.930568	0.841493	0.000000
79	total scene	4.071904	auc	0.716882	0.487057	0.442770	0.722206	0.719463	0.514823
79	total scene	4.071904	ndcg	1.000000	0.110046	0.000000	1.000000	0.716485	0.478902
79	scene 1	3.924980	auc	0.500202	0.517972	0.436105	0.500771	0.500274	0.508840
79	scene 1	3.924980	ndcg	0.000000	0.000000	0.000000	0.000000	0.000000	0.000000
79	scene 2	3.924980	auc	0.682081	0.444407	0.447873	0.674943	0.684783	0.511015
79	scene 1	3.924980	ndcg	0.237584	0.000000	0.000000	0.716287	0.316919	0.000000
79	scene 2	3.924980	auc	0.682959	0.480591	0.450387	0.686295	0.694852	0.506257
79	scene 3	3.924980	ndcg	0.484712	0.000000	0.000000	0.524799	0.442700	0.000000
79	scene 4	3.924980	auc	0.673985	0.446200	0.348011	0.669766	0.675905	0.675905
79	scene 4	3.924980	ndcg	0.739336	0.000000	0.000000	0.892776	0.841493	0.000000
80	total scene	4.071235	auc	0.713800	0.488677	0.442411	0.721623	0.718822	0.514753
80	total scene	4.071235	ndcg	0.246186	0.110046	0.000000	0.455779	0.778807	0.478902
80	scene 1	3.924275	auc	0.500140	0.513379	0.436746	0.501217	0.500244	0.508303
80	scene 1	3.924275	ndcg	0.000000	0.000000	0.000000	0.000000	0.000000	0.000000
80	scene 2	3.924275	auc	0.679864	0.446112	0.447608	0.674267	0.684399	0.510909
80	scene 1	3.924275	ndcg	0.237584	0.000000	0.000000	0.716287	0.316916	0.000000
80	scene 2	3.924275	auc	0.681816	0.477686	0.451101	0.685427	0.697997	0.506154
80	scene 3	3.924275	ndcg	0.418014	0.000000	0.000000	0.600332	0.437228	0.000000
80	scene 4	3.924275	auc	0.669760	0.448437	0.345869	0.666146	0.676477	0.676477
80	scene 4	3.924275	ndcg	0.738611	0.000000	0.000000	0.858772	0.841493	0.000000
81	total scene	4.075342	auc	0.715130	0.486414	0.441534	0.723085	0.722246	0.514792
81	total scene	4.075342	ndcg	0.546257	0.110046	0.000000	0.930569	0.220829	0.478902
81	scene 1	3.923929	auc	0.500202	0.515260	0.430112	0.501573	0.501294	0.508921
81	scene 1	3.923929	ndcg	0.000000	0.000000	0.000000	0.000000	0.000000	0.000000
81	scene 2	3.923929	auc	0.679977	0.443554	0.446937	0.673627	0.685503	0.510894
81	scene 1	3.923929	ndcg	0.237584	0.000000	0.000000	0.716287	0.318779	0.000000
81	scene 2	3.923929	auc	0.679939	0.472642	0.452604	0.683474	0.696358	0.505766
81	scene 3	3.923929	ndcg	0.548285	0.000000	0.000000	0.600431	0.442700	0.000000
81	scene 4	3.923929	auc	0.668320	0.444738	0.346801	0.664941	0.672153	0.672153
81	scene 4	3.923929	ndcg	0.738557	0.000000	0.000000	0.975345	0.841493	0.000000
82	total scene	4.073664	auc	0.714311	0.488698	0.443176	0.718233	0.719765	0.515106
82	total scene	4.073664	ndcg	0.763193	0.110046	0.000000	1.000000	0.519319	0.478902
82	scene 1	3.923286	auc	0.500233	0.522476	0.432159	0.500920	0.500244	0.508873
82	scene 1	3.923286	ndcg	0.000000	0.000000	0.000000	0.000000	0.000000	0.000000
82	scene 2	3.923286	auc	0.679799	0.444291	0.447863	0.671887	0.684484	0.511037
82	scene 1	3.923286	ndcg	0.237584	0.000000	0.000000	0.716287	0.383132	0.000000
82	scene 2	3.923286	auc	0.679239	0.476621	0.455908	0.681859	0.694854	0.505728
82	scene 3	3.923286	ndcg	0.497769	0.000000	0.000000	0.600430	0.442700	0.000000
82	scene 4	3.923286	auc	0.669735	0.445229	0.344807	0.665088	0.674369	0.674369
82	scene 4	3.923286	ndcg	0.738557	0.000000	0.000000	0.930567	0.841493	0.000000
83	total scene	4.072111	auc	0.713563	0.490211	0.443448	0.718419	0.719183	0.515104
83	total scene	4.072111	ndcg	0.550113	0.110046	0.000000	0.684383	0.797517	0.481535
83	scene 1	3.923095	auc	0.500008	0.519255	0.433037	0.500593	0.499704	0.508826
83	scene 1	3.923095	ndcg	0.000000	0.000000	0.000000	0.000000	0.000000	0.000000
83	scene 2	3.923095	auc	0.679333	0.445383	0.448438	0.672841	0.684336	0.511005
83	scene 1	3.923095	ndcg	0.237584	0.000000	0.000000	0.716287	0.323895	0.000000
83	scene 2	3.923095	auc	0.680810	0.480603	0.452321	0.682257	0.695569	0.506211
83	scene 3	3.923095	ndcg	0.485048	0.000000	0.000000	0.600431	0.442700	0.000000
83	scene 4	3.923095	auc	0.669907	0.447265	0.344354	0.668657	0.676839	0.676839
83	scene 4	3.923095	ndcg	0.848105	0.000000	0.000000	0.933133	0.841493	0.000000
84	total scene	4.073041	auc	0.712817	0.491568	0.444302	0.717440	0.716589	0.515143
84	total scene	4.073041	ndcg	0.705808	0.110046	0.000000	0.936379	0.611795	0.478902
84	scene 1	3.923096	auc	0.500039	0.524305	0.437403	0.500413	0.499763	0.508622
84	scene 1	3.923096	ndcg	0.000000	0.000000	0.000000	0.000000	0.000000	0.000000
84	scene 2	3.923096	auc	0.679469	0.447057	0.448771	0.672011	0.682680	0.511050
84	scene 1	3.923096	ndcg	0.237584	0.000000	0.000000	0.716287	0.365833	0.000000
84	scene 2	3.923096	auc	0.680287	0.480572	0.454137	0.681931	0.694855	0.506051
84	scene 3	3.923096	ndcg	0.542279	0.000000	0.000000	0.600433	0.442700	0.000000
84	scene 4	3.923096	auc	0.669708	0.450140	0.347657	0.665536	0.672344	0.672344
84	scene 4	3.923096	ndcg	0.738583	0.000000	0.000000	0.863051	0.841493	0.000000
85	total scene	4.072025	auc	0.712206	0.491255	0.443637	0.717277	0.715947	0.515131
85	total scene	4.072025	ndcg	0.558715	0.110046	0.000000	0.706563	0.672693	0.478902
85	scene 1	3.922055	auc	0.500132	0.519519	0.439502	0.500474	0.499822	0.507976
85	scene 1	3.922055	ndcg	0.000000	0.000000	0.000000	0.000000	0.000000	0.000000
85	scene 2	3.922055	auc	0.678864	0.446627	0.447937	0.671843	0.682612	0.511144
85	scene 1	3.922055	ndcg	0.237584	0.000000	0.000000	0.716287	0.316916	0.000000
85	scene 2	3.922055	auc	0.678566	0.480515	0.449315	0.681810	0.692878	0.506147
85	scene 3	3.922055	ndcg	0.547643	0.000000	0.000000	0.600431	0.442700	0.000000
85	scene 4	3.922055	auc	0.672375	0.447621	0.348168	0.668891	0.676474	0.676474
85	scene 4	3.922055	ndcg	0.740297	0.000000	0.000000	0.864152	0.841493	0.000000
86	total scene	4.073048	auc	0.716445	0.491346	0.445588	0.714578	0.715510	0.515053
86	total scene	4.073048	ndcg	0.848603	0.110046	0.000000	0.496676	0.689829	0.507718
86	scene 1	3.922873	auc	0.499977	0.519416	0.452765	0.500207	0.499852	0.507239
86	scene 1	3.922873	ndcg	0.000000	0.000000	0.000000	0.000000	0.000000	0.000000
86	scene 2	3.922873	auc	0.681382	0.446182	0.449369	0.669825	0.681777	0.511100
86	scene 1	3.922873	ndcg	0.237584	0.000000	0.000000	0.716287	0.316976	0.000000
86	scene 2	3.922873	auc	0.684721	0.481469	0.448809	0.680614	0.693458	0.505875
86	scene 3	3.922873	ndcg	0.485347	0.000000	0.000000	0.600431	0.442700	0.000000
86	scene 4	3.922873	auc	0.673574	0.449473	0.347083	0.665567	0.674381	0.674381
86	scene 4	3.922873	ndcg	0.756049	0.000000	0.000000	0.791704	0.841493	0.000000
87	total scene	4.074277	auc	0.717073	0.492210	0.445087	0.724284	0.718391	0.515056
87	total scene	4.074277	ndcg	0.779908	0.094788	0.000000	0.794883	0.823700	0.507718
87	scene 1	3.922641	auc	0.500171	0.520159	0.448922	0.500294	0.499763	0.507992
87	scene 1	3.922641	ndcg	0.000000	0.000000	0.000000	0.000000	0.000000	0.000000
87	scene 2	3.922641	auc	0.680964	0.446612	0.449309	0.674593	0.683751	0.511043
87	scene 1	3.922641	ndcg	0.237667	0.000000	0.000000	0.716287	0.316923	0.000000
87	scene 2	3.922641	auc	0.682465	0.479949	0.443601	0.684682	0.693170	0.505818
87	scene 3	3.922641	ndcg	0.484712	0.000000	0.000000	0.600438	0.442700	0.000000
87	scene 4	3.922641	auc	0.670044	0.450899	0.348585	0.666383	0.674476	0.674476
87	scene 4	3.922641	ndcg	0.740959	0.000000	0.000000	0.930408	0.841493	0.000000
88	total scene	4.073904	auc	0.714095	0.493276	0.447279	0.723282	0.716750	0.515513
88	total scene	4.073904	ndcg	0.860382	0.110046	0.000000	0.841493	0.667826	0.507718
88	scene 1	3.921779	auc	0.499783	0.520508	0.437685	0.500443	0.499882	0.508654
88	scene 1	3.921779	ndcg	0.000000	0.000000	0.000000	0.000000	0.000000	0.000000
88	scene 2	3.921779	auc	0.679407	0.446024	0.449997	0.675029	0.682599	0.511260
88	scene 1	3.921779	ndcg	0.237584	0.000000	0.000000	0.716287	0.316916	0.000000
88	scene 2	3.921779	auc	0.680221	0.476314	0.451845	0.684453	0.691208	0.505853
88	scene 3	3.921779	ndcg	0.484714	0.000000	0.000000	0.600431	0.442700	0.000000
88	scene 4	3.921779	auc	0.669137	0.449046	0.349374	0.667973	0.674622	0.674622
88	scene 4	3.921779	ndcg	0.738584	0.000000	0.000000	0.864302	0.841493	0.000000
89	total scene	4.073719	auc	0.714225	0.494593	0.445831	0.720732	0.717509	0.515135
89	total scene	4.073719	ndcg	0.628146	0.110046	0.000000	0.472894	0.702728	0.478902
89	scene 1	3.921424	auc	0.500101	0.521658	0.441698	0.501010	0.499822	0.508559
89	scene 1	3.921424	ndcg	0.000000	0.000000	0.000000	0.000000	0.000000	0.000000
89	scene 2	3.921424	auc	0.679603	0.446743	0.448146	0.672941	0.682838	0.510923
89	scene 1	3.921424	ndcg	0.237584	0.000000	0.000000	0.716287	0.316917	0.000000
89	scene 2	3.921424	auc	0.679484	0.478131	0.446562	0.682585	0.694043	0.505668
89	scene 3	3.921424	ndcg	0.484711	0.000000	0.000000	0.600431	0.442700	0.000000
89	scene 4	3.921424	auc	0.669387	0.451695	0.349459	0.665284	0.672707	0.672707
89	scene 4	3.921424	ndcg	0.738557	0.000000	0.000000	0.930564	0.841493	0.000000
90	total scene	4.072730	auc	0.712983	0.495639	0.447713	0.718351	0.716689	0.515387
90	total scene	4.072730	ndcg	1.000000	0.138862	0.000000	0.694765	0.772062	0.478902
90	scene 1	3.920761	auc	0.499721	0.522965	0.435536	0.500087	0.499763	0.508969
90	scene 1	3.920761	ndcg	0.000000	0.000000	0.000000	0.000000	0.000000	0.000000
90	scene 2	3.920761	auc	0.679364	0.447643	0.449001	0.672390	0.682699	0.511129
90	scene 1	3.920761	ndcg	0.237584	0.000000	0.000000	0.716287	0.383138	0.000000
90	scene 2	3.920761	auc	0.679001	0.476960	0.447009	0.680901	0.693091	0.505991
90	scene 3	3.920761	ndcg	0.484712	0.000000	0.000000	0.600431	0.442700	0.000000
90	scene 4	3.920761	auc	0.671245	0.451862	0.355245	0.668022	0.675087	0.675087
90	scene 4	3.920761	ndcg	0.738557	0.000000	0.000000	0.838076	0.841493	0.000000
91	total scene	4.072358	auc	0.717539	0.497962	0.448364	0.722394	0.715302	0.515448
91	total scene	4.072358	ndcg	0.718342	0.138862	0.000000	0.751092	0.804811	0.415281
91	scene 1	3.920288	auc	0.499721	0.523270	0.428650	0.500413	0.499970	0.508027
91	scene 1	3.920288	ndcg	0.000000	0.000000	0.000000	0.000000	0.000000	0.000000
91	scene 2	3.920288	auc	0.681957	0.450617	0.449820	0.674246	0.682054	0.511220
91	scene 1	3.920288	ndcg	0.237584	0.000000	0.000000	0.716287	0.375613	0.000000
91	scene 2	3.920288	auc	0.682896	0.479538	0.449941	0.685084	0.692041	0.505799
91	scene 3	3.920288	ndcg	0.484949	0.000000	0.000000	0.771848	0.442701	0.000000
91	scene 4	3.920288	auc	0.672828	0.453385	0.354117	0.668289	0.675364	0.675364
91	scene 4	3.920288	ndcg	0.738557	0.000000	0.000000	0.791691	0.841493	0.000000
92	total scene	4.072607	auc	0.712066	0.496413	0.447588	0.719831	0.714807	0.515477
92	total scene	4.072607	ndcg	0.782739	0.138862	0.000000	0.636376	0.775337	0.507718
92	scene 1	3.919990	auc	0.499783	0.522458	0.430687	0.500533	0.499882	0.508317
92	scene 1	3.919990	ndcg	0.000000	0.000000	0.000000	0.000000	0.000000	0.000000
92	scene 2	3.919990	auc	0.678673	0.448172	0.449681	0.673041	0.681385	0.511277
92	scene 1	3.919990	ndcg	0.237674	0.000000	0.000000	0.716287	0.379465	0.000000
92	scene 2	3.919990	auc	0.679675	0.475359	0.445625	0.683687	0.693077	0.506158
92	scene 3	3.919990	ndcg	0.484712	0.000000	0.000000	0.600431	0.442700	0.000000
92	scene 4	3.919990	auc	0.669736	0.454845	0.352636	0.667531	0.674069	0.674069
92	scene 4	3.919990	ndcg	0.848603	0.000000	0.000000	0.779256	0.841493	0.000000
93	total scene	4.073829	auc	0.711717	0.494009	0.444875	0.722337	0.718524	0.515590
93	total scene	4.073829	ndcg	0.477504	0.110046	0.000000	0.797517	0.683084	0.478902
93	scene 1	3.920135	auc	0.499814	0.517807	0.431846	0.500860	0.499852	0.508350
93	scene 1	3.920135	ndcg	0.000000	0.000000	0.000000	0.000000	0.000000	0.000000
93	scene 2	3.920135	auc	0.678370	0.446362	0.448324	0.673682	0.683827	0.511450
93	scene 1	3.920135	ndcg	0.237584	0.000000	0.000000	0.716287	0.383223	0.000000
93	scene 2	3.920135	auc	0.679321	0.470870	0.442232	0.682488	0.693407	0.506300
93	scene 3	3.920135	ndcg	0.484712	0.000000	0.000000	0.600500	0.442700	0.000000
93	scene 4	3.920135	auc	0.672164	0.453779	0.348849	0.668201	0.673179	0.673179
93	scene 4	3.920135	ndcg	0.847887	0.000000	0.000000	0.725452	0.841493	0.000000
94	total scene	4.073926	auc	0.715561	0.495988	0.444432	0.720910	0.717721	0.518931
94	total scene	4.073926	ndcg	0.841591	0.138862	0.000000	0.725452	0.600431	0.510716
94	scene 1	3.919747	auc	0.499884	0.520831	0.429625	0.500383	0.500363	0.511130
94	scene 1	3.919747	ndcg	0.000000	0.000000	0.000000	0.000000	0.000000	0.000000
94	scene 2	3.919747	auc	0.680202	0.448500	0.447315	0.673091	0.683095	0.512316
94	scene 1	3.919747	ndcg	0.237584	0.000000	0.000000	0.716287	0.323567	0.000000
94	scene 2	3.919747	auc	0.680296	0.474435	0.440119	0.679134	0.693036	0.513577
94	scene 3	3.919747	ndcg	0.484712	0.000000	0.000000	0.614765	0.442711	0.000000
94	scene 4	3.919747	auc	0.669569	0.458288	0.349158	0.666120	0.674997	0.674997
94	scene 4	3.919747	ndcg	0.848042	0.000000	0.000000	0.725474	0.841493	0.000000
95	total scene	4.073971	auc	0.712462	0.494610	0.445452	0.719764	0.713594	0.518991
95	total scene	4.073971	ndcg	0.791706	0.110046	0.000000	0.452147	0.921602	0.510716
95	scene 1	3.919108	auc	0.499690	0.516359	0.435387	0.500443	0.499852	0.511015
95	scene 1	3.919108	ndcg	0.000000	0.000000	0.000000	0.000000	0.000000	0.000000
95	scene 2	3.919108	auc	0.678218	0.447561	0.448129	0.673004	0.680210	0.512369
95	scene 1	3.919108	ndcg	0.237584	0.000000	0.000000	0.716287	0.381653	0.000000
95	scene 2	3.919108	auc	0.680865	0.469671	0.443661	0.682378	0.689094	0.513468
95	scene 3	3.919108	ndcg	0.484712	0.000000	0.000000	0.600486	0.441953	0.000000
95	scene 4	3.919108	auc	0.669988	0.457524	0.351758	0.667943	0.672381	0.672381
95	scene 4	3.919108	ndcg	0.838199	0.000000	0.000000	0.791636	0.841493	0.000000
96	total scene	4.072245	auc	0.713867	0.497107	0.448335	0.720742	0.716462	0.518973
96	total scene	4.072245	ndcg	0.671759	0.138862	0.000000	1.000000	0.606242	0.510716
96	scene 1	3.919628	auc	0.499814	0.522188	0.427069	0.500414	0.499911	0.510773
96	scene 1	3.919628	ndcg	0.000000	0.000000	0.000000	0.000000	0.000000	0.000000
96	scene 2	3.919628	auc	0.680210	0.448841	0.450498	0.673968	0.683008	0.512357
96	scene 1	3.919628	ndcg	0.237584	0.000000	0.000000	0.716287	0.316916	0.000000
96	scene 2	3.919628	auc	0.678840	0.472437	0.451042	0.681479	0.691279	0.512866
96	scene 3	3.919628	ndcg	0.484800	0.000000	0.000000	0.600431	0.442700	0.000000
96	scene 4	3.919628	auc	0.671544	0.461291	0.353066	0.666232	0.674511	0.674511
96	scene 4	3.919628	ndcg	0.738557	0.000000	0.000000	0.725452	0.841493	0.000000
97	total scene	4.074359	auc	0.713887	0.493571	0.445674	0.719325	0.719154	0.519246
97	total scene	4.074359	ndcg	0.779908	0.138862	0.000000	0.889954	0.462992	0.506784
97	scene 1	3.918817	auc	0.500101	0.520646	0.436105	0.500474	0.500363	0.511444
97	scene 1	3.918817	ndcg	0.000000	0.000000	0.000000	0.000000	0.000000	0.000000
97	scene 2	3.918817	auc	0.679180	0.445827	0.448446	0.672162	0.684098	0.512550
97	scene 1	3.918817	ndcg	0.322727	0.000000	0.000000	0.716287	0.328023	0.000000
97	scene 2	3.918817	auc	0.678416	0.472396	0.447649	0.680924	0.691674	0.513107
97	scene 3	3.918817	ndcg	0.543309	0.000000	0.000000	0.600434	0.442284	0.000000
97	scene 4	3.918817	auc	0.669063	0.455376	0.349983	0.665519	0.674371	0.674371
97	scene 4	3.918817	ndcg	0.738557	0.000000	0.000000	0.995962	0.841493	0.000000
98	total scene	4.073170	auc	0.714079	0.493773	0.444948	0.721013	0.715341	0.519048
98	total scene	4.073170	ndcg	0.641046	0.138862	0.000000	0.889954	0.779908	0.506784
98	scene 1	3.918114	auc	0.500264	0.521301	0.431297	0.500444	0.499793	0.511433
98	scene 1	3.918114	ndcg	0.000000	0.000000	0.000000	0.000000	0.000000	0.000000
98	scene 2	3.918114	auc	0.679765	0.446102	0.447674	0.673096	0.681659	0.512368
98	scene 1	3.918114	ndcg	0.315370	0.000000	0.000000	0.716287	0.316918	0.000000
98	scene 2	3.918114	auc	0.681981	0.471600	0.449375	0.682053	0.691931	0.512246
98	scene 3	3.918114	ndcg	0.548333	0.000000	0.000000	0.672608	0.442690	0.000000
98	scene 4	3.918114	auc	0.670473	0.455609	0.348190	0.665784	0.671817	0.671817
98	scene 4	3.918114	ndcg	0.738618	0.000000	0.000000	0.903064	0.841493	0.000000
99	total scene	4.072050	auc	0.710718	0.495948	0.446169	0.710752	0.713117	0.519364
99	total scene	4.072050	ndcg	0.599329	0.138862	0.000000	0.492282	0.795166	0.506784
99	scene 1	3.917882	auc	0.499814	0.521292	0.430487	0.499760	0.499852	0.512426
99	scene 1	3.917882	ndcg	0.000000	0.000000	0.000000	0.000000	0.000000	0.000000
99	scene 2	3.917882	auc	0.677952	0.448236	0.448195	0.668322	0.680700	0.512640
99	scene 1	3.917882	ndcg	0.237833	0.000000	0.000000	0.716287	0.317054	0.000000
99	scene 2	3.917882	auc	0.679226	0.472906	0.451458	0.674394	0.688469	0.512282
99	scene 3	3.917882	ndcg	0.484834	0.000000	0.000000	0.627579	0.473206	0.000000
99	scene 4	3.917882	auc	0.670590	0.457275	0.350243	0.664661	0.674095	0.674095
99	scene 4	3.917882	ndcg	0.848214	0.000000	0.000000	0.791557	0.841488	0.000000
100	total scene	4.073887	auc	0.715003	0.495350	0.447172	0.717960	0.713974	0.519020
100	total scene	4.073887	ndcg	0.637113	0.138862	0.000000	0.671938	0.797517	0.510716
100	scene 1	3.918084	auc	0.500264	0.516398	0.425330	0.500533	0.499822	0.513525
100	scene 1	3.918084	ndcg	0.000000	0.000000	0.000000	0.000000	0.000000	0.000000
100	scene 2	3.918084	auc	0.679818	0.447638	0.449145	0.671599	0.680764	0.512377
100	scene 1	3.918084	ndcg	0.237634	0.000000	0.000000	0.716287	0.382286	0.000000
100	scene 2	3.918084	auc	0.681717	0.474205	0.449806	0.681415	0.691191	0.512204
100	scene 3	3.918084	ndcg	0.548333	0.000000	0.000000	0.601664	0.442712	0.000000
100	scene 4	3.918084	auc	0.670789	0.457558	0.355191	0.667045	0.673940	0.673940
100	scene 4	3.918084	ndcg	0.738557	0.000000	0.000000	0.869737	0.841493	0.000000
