epoch 	 scene 	 val_loss 	 ratio_type 	 click_ratio 	 like_ratio 	 comment_auc 	 5s_ratio 	 10s_ratio 	 18s_ratio
1	total scene	4.216795	auc	0.702615	0.540536	0.521213	0.711438	0.699702	0.694125
1	total scene	4.216795	ndcg	0.681206	0.073364	0.000000	0.669862	0.436890	0.293456
1	scene 1	4.438154	auc	0.537687	0.483902	0.403698	0.540189	0.545124	0.561930
1	scene 1	4.438154	ndcg	0.003451	0.646920	0.616226	0.003291	0.005517	0.065177
1	scene 2	4.438154	auc	0.637105	0.519259	0.514297	0.630633	0.636306	0.646685
1	scene 1	4.438154	ndcg	0.167698	0.014981	0.006765	0.471042	0.300667	0.232166
1	scene 2	4.438154	auc	0.657104	0.537182	0.468847	0.664519	0.656160	0.649642
1	scene 3	4.438154	ndcg	0.319979	0.226871	0.079099	0.415606	0.222987	0.208096
1	scene 4	4.438154	auc	0.622750	0.536862	0.468016	0.617545	0.624234	0.624234
1	scene 4	4.438154	ndcg	0.669955	0.008263	0.180018	0.835472	0.343495	0.290603
2	total scene	4.064523	auc	0.743056	0.562403	0.559955	0.749182	0.744157	0.754585
2	total scene	4.064523	ndcg	1.000000	0.000000	0.000000	1.000000	0.936379	1.000000
2	scene 1	4.080395	auc	0.584688	0.484627	0.364162	0.593932	0.602615	0.639431
2	scene 1	4.080395	ndcg	0.000001	0.041041	0.028564	0.000123	0.000035	0.000106
2	scene 2	4.080395	auc	0.687884	0.555859	0.551133	0.677897	0.689601	0.711299
2	scene 1	4.080395	ndcg	0.084798	0.028979	0.046291	0.599657	0.335683	0.129157
2	scene 2	4.080395	auc	0.707970	0.565708	0.601548	0.712539	0.717489	0.728964
2	scene 3	4.080395	ndcg	0.434756	0.037295	0.052441	0.429693	0.192249	0.123687
2	scene 4	4.080395	auc	0.684540	0.530168	0.538709	0.681159	0.683659	0.683659
2	scene 4	4.080395	ndcg	0.634743	0.042157	0.037502	0.793701	0.480460	0.370632
3	total scene	4.049592	auc	0.754989	0.604829	0.581800	0.760515	0.756204	0.766346
3	total scene	4.049592	ndcg	0.889954	0.000000	0.000000	0.921602	0.914857	0.889954
3	scene 1	4.042789	auc	0.598272	0.543764	0.354852	0.613447	0.621904	0.655258
3	scene 1	4.042789	ndcg	0.000001	0.048917	0.035426	0.000515	0.000005	0.000293
3	scene 2	4.042789	auc	0.703503	0.588328	0.569145	0.693284	0.704477	0.725471
3	scene 1	4.042789	ndcg	0.219431	0.034673	0.069585	0.613117	0.381497	0.180035
3	scene 2	4.042789	auc	0.720929	0.595598	0.637798	0.725417	0.733328	0.740846
3	scene 3	4.042789	ndcg	0.463469	0.054156	0.073354	0.512051	0.217424	0.125243
3	scene 4	4.042789	auc	0.704170	0.554172	0.532766	0.698971	0.706272	0.706272
3	scene 4	4.042789	ndcg	0.607117	0.057569	0.057419	0.856119	0.566840	0.472680
4	total scene	4.043260	auc	0.759734	0.626948	0.601816	0.765284	0.760982	0.772352
4	total scene	4.043260	ndcg	1.000000	0.000000	0.000000	1.000000	1.000000	0.791706
4	scene 1	4.025492	auc	0.603823	0.567621	0.368767	0.621904	0.630246	0.661941
4	scene 1	4.025492	ndcg	0.000001	0.050720	0.041112	0.000071	0.000001	0.000049
4	scene 2	4.025492	auc	0.710140	0.605277	0.582734	0.700011	0.711256	0.733526
4	scene 1	4.025492	ndcg	0.205375	0.037033	0.065776	0.716373	0.398441	0.245267
4	scene 2	4.025492	auc	0.722634	0.608096	0.645193	0.729562	0.733999	0.743448
4	scene 3	4.025492	ndcg	0.477579	0.059010	0.063049	0.471148	0.251481	0.128433
4	scene 4	4.025492	auc	0.711441	0.566140	0.549384	0.706387	0.714576	0.714576
4	scene 4	4.025492	ndcg	0.652036	0.069576	0.069717	0.883513	0.614402	0.553740
5	total scene	4.041893	auc	0.762209	0.649161	0.626943	0.767534	0.763303	0.773625
5	total scene	4.041893	ndcg	0.861138	0.220092	0.000000	0.845426	0.889954	0.816590
5	scene 1	4.015966	auc	0.609420	0.569340	0.398501	0.627324	0.636264	0.667685
5	scene 1	4.015966	ndcg	0.000000	0.040663	0.035093	0.000527	0.000000	0.000007
5	scene 2	4.015966	auc	0.713162	0.623198	0.602063	0.702896	0.714222	0.735031
5	scene 1	4.015966	ndcg	0.188990	0.018125	0.035103	0.711451	0.387182	0.257151
5	scene 2	4.015966	auc	0.725257	0.626108	0.653780	0.731610	0.737848	0.746046
5	scene 3	4.015966	ndcg	0.504063	0.035640	0.033934	0.459564	0.247382	0.135832
5	scene 4	4.015966	auc	0.715522	0.590614	0.610009	0.709528	0.717517	0.717517
5	scene 4	4.015966	ndcg	0.606742	0.043411	0.041962	0.857634	0.579259	0.527476
6	total scene	4.039618	auc	0.763361	0.646724	0.607693	0.768398	0.764741	0.775132
6	total scene	4.039618	ndcg	1.000000	0.220092	0.000000	0.852171	0.851236	0.921602
6	scene 1	4.010905	auc	0.612408	0.555451	0.396643	0.630883	0.639181	0.669056
6	scene 1	4.010905	ndcg	0.000000	0.030773	0.023937	0.000231	0.000000	0.000002
6	scene 2	4.010905	auc	0.714957	0.618731	0.580684	0.704369	0.716252	0.737335
6	scene 1	4.010905	ndcg	0.204159	0.011248	0.020514	0.696652	0.380487	0.257132
6	scene 2	4.010905	auc	0.725947	0.619910	0.598408	0.732020	0.739516	0.748390
6	scene 3	4.010905	ndcg	0.528299	0.029884	0.025302	0.505662	0.319191	0.136478
6	scene 4	4.010905	auc	0.716327	0.603891	0.602551	0.709433	0.719612	0.719612
6	scene 4	4.010905	ndcg	0.631058	0.028647	0.026905	0.865074	0.626026	0.521398
7	total scene	4.039599	auc	0.763907	0.636665	0.602953	0.768922	0.765207	0.774982
7	total scene	4.039599	ndcg	1.000000	0.138862	0.000000	0.921602	0.905212	0.936379
7	scene 1	4.006800	auc	0.612282	0.558630	0.379994	0.630015	0.640045	0.668391
7	scene 1	4.006800	ndcg	0.000000	0.034429	0.023904	0.000266	0.000000	0.000020
7	scene 2	4.006800	auc	0.715928	0.606417	0.575879	0.705356	0.717058	0.737610
7	scene 1	4.006800	ndcg	0.235321	0.012511	0.024167	0.716959	0.377346	0.248432
7	scene 2	4.006800	auc	0.726373	0.604728	0.587128	0.730885	0.742324	0.749996
7	scene 3	4.006800	ndcg	0.508856	0.035375	0.031469	0.464913	0.355492	0.201834
7	scene 4	4.006800	auc	0.716402	0.608174	0.610327	0.709533	0.719546	0.719546
7	scene 4	4.006800	ndcg	0.639574	0.033036	0.039364	0.839016	0.611492	0.461144
8	total scene	4.040256	auc	0.763742	0.620034	0.587720	0.768900	0.765340	0.776282
8	total scene	4.040256	ndcg	0.841591	0.220092	0.000000	0.905212	0.826813	0.914857
8	scene 1	4.003274	auc	0.613704	0.544481	0.390604	0.631710	0.641265	0.670120
8	scene 1	4.003274	ndcg	0.000000	0.033697	0.027690	0.000023	0.000000	0.000001
8	scene 2	4.003274	auc	0.715588	0.588222	0.562411	0.705300	0.717213	0.739128
8	scene 1	4.003274	ndcg	0.249742	0.009050	0.019141	0.721953	0.374529	0.254361
8	scene 2	4.003274	auc	0.724971	0.571594	0.540283	0.730243	0.739401	0.749122
8	scene 3	4.003274	ndcg	0.538342	0.029437	0.023851	0.490746	0.352055	0.134296
8	scene 4	4.003274	auc	0.717009	0.592361	0.587416	0.709481	0.720101	0.720101
8	scene 4	4.003274	ndcg	0.642268	0.030505	0.034237	0.868463	0.713412	0.532403
9	total scene	4.042071	auc	0.762306	0.614976	0.581312	0.767800	0.764157	0.776152
9	total scene	4.042071	ndcg	1.000000	0.110046	0.000000	1.000000	0.857981	1.000000
9	scene 1	4.000612	auc	0.612200	0.523716	0.358049	0.630855	0.640510	0.671163
9	scene 1	4.000612	ndcg	0.000000	0.039515	0.026481	0.000000	0.000000	0.000001
9	scene 2	4.000612	auc	0.713863	0.582310	0.553468	0.704004	0.715627	0.738660
9	scene 1	4.000612	ndcg	0.239900	0.012966	0.034791	0.712693	0.379788	0.261363
9	scene 2	4.000612	auc	0.721122	0.570069	0.541816	0.726313	0.736743	0.748157
9	scene 3	4.000612	ndcg	0.488127	0.043146	0.038403	0.491804	0.373741	0.077089
9	scene 4	4.000612	auc	0.713332	0.591814	0.596375	0.706149	0.717899	0.717899
9	scene 4	4.000612	ndcg	0.684744	0.043345	0.055488	0.863876	0.759601	0.539382
10	total scene	4.043456	auc	0.763679	0.616736	0.569195	0.768768	0.765261	0.775940
10	total scene	4.043456	ndcg	0.779908	0.220092	0.000000	0.628146	1.000000	0.889954
10	scene 1	3.998697	auc	0.611164	0.536820	0.332076	0.629893	0.638813	0.670789
10	scene 1	3.998697	ndcg	0.000000	0.050585	0.030745	0.000002	0.000000	0.000000
10	scene 2	3.998697	auc	0.715577	0.584405	0.544252	0.705215	0.717048	0.738633
10	scene 1	3.998697	ndcg	0.269312	0.012238	0.027387	0.718789	0.381320	0.260105
10	scene 2	3.998697	auc	0.726238	0.580810	0.531191	0.729798	0.740655	0.747527
10	scene 3	3.998697	ndcg	0.502182	0.047315	0.039050	0.465589	0.347951	0.119599
10	scene 4	3.998697	auc	0.714882	0.578071	0.525788	0.707369	0.718675	0.718675
10	scene 4	3.998697	ndcg	0.637126	0.045479	0.046709	0.865285	0.748170	0.590904
11	total scene	4.043249	auc	0.763165	0.609226	0.560784	0.768280	0.765276	0.776323
11	total scene	4.043249	ndcg	0.926636	0.220092	0.000000	0.905212	1.000000	0.779908
11	scene 1	3.996816	auc	0.612591	0.524120	0.335278	0.629789	0.639356	0.669252
11	scene 1	3.996816	ndcg	0.000000	0.054049	0.028234	0.000000	0.000000	0.000000
11	scene 2	3.996816	auc	0.715017	0.575012	0.533341	0.704722	0.717077	0.739334
11	scene 1	3.996816	ndcg	0.227718	0.013827	0.026087	0.712361	0.377053	0.264900
11	scene 2	3.996816	auc	0.722506	0.567949	0.519196	0.727216	0.737558	0.746239
11	scene 3	3.996816	ndcg	0.529909	0.053130	0.050563	0.494078	0.334728	0.152299
11	scene 4	3.996816	auc	0.715099	0.574549	0.532891	0.707295	0.719137	0.719137
11	scene 4	3.996816	ndcg	0.618683	0.052724	0.044406	0.864458	0.767555	0.566129
12	total scene	4.043219	auc	0.763195	0.602758	0.557062	0.768197	0.765480	0.776749
12	total scene	4.043219	ndcg	0.820068	0.110046	0.000000	1.000000	0.841591	1.000000
12	scene 1	3.995481	auc	0.611600	0.501494	0.341035	0.629550	0.639370	0.669508
12	scene 1	3.995481	ndcg	0.000000	0.038376	0.026518	0.000000	0.000000	0.000000
12	scene 2	3.995481	auc	0.715093	0.566524	0.528607	0.704569	0.717037	0.739614
12	scene 1	3.995481	ndcg	0.272879	0.013534	0.028259	0.700811	0.379588	0.261902
12	scene 2	3.995481	auc	0.723841	0.566794	0.498750	0.728083	0.739283	0.747957
12	scene 3	3.995481	ndcg	0.518937	0.070885	0.052732	0.506238	0.343002	0.154628
12	scene 4	3.995481	auc	0.714009	0.574699	0.516273	0.706751	0.719799	0.719799
12	scene 4	3.995481	ndcg	0.626057	0.060202	0.048746	0.864340	0.777258	0.577824
13	total scene	4.045729	auc	0.762186	0.591241	0.559391	0.767292	0.765386	0.776740
13	total scene	4.045729	ndcg	0.861138	0.073364	0.000000	0.600431	0.921602	0.750637
13	scene 1	3.993839	auc	0.611537	0.498599	0.361097	0.628729	0.637848	0.671230
13	scene 1	3.993839	ndcg	0.000000	0.038469	0.022633	0.000000	0.000000	0.000000
13	scene 2	3.993839	auc	0.713758	0.553874	0.527082	0.703436	0.716988	0.739560
13	scene 1	3.993839	ndcg	0.301216	0.007440	0.024839	0.716099	0.383672	0.263066
13	scene 2	3.993839	auc	0.722358	0.545010	0.509241	0.726030	0.737998	0.747673
13	scene 3	3.993839	ndcg	0.509612	0.057884	0.038743	0.531712	0.364557	0.191788
13	scene 4	3.993839	auc	0.711133	0.560326	0.560450	0.702844	0.717848	0.717848
13	scene 4	3.993839	ndcg	0.619403	0.042578	0.044738	0.864316	0.753332	0.562458
14	total scene	4.044829	auc	0.761468	0.581395	0.537634	0.766750	0.764693	0.776756
14	total scene	4.044829	ndcg	0.926636	0.220092	0.000000	0.741670	0.926636	0.710477
14	scene 1	3.992571	auc	0.607247	0.485845	0.355601	0.625272	0.637127	0.668611
14	scene 1	3.992571	ndcg	0.000000	0.042695	0.020630	0.000000	0.000000	0.000000
14	scene 2	3.992571	auc	0.712837	0.545103	0.511468	0.702545	0.715920	0.739846
14	scene 1	3.992571	ndcg	0.293071	0.013811	0.031894	0.715830	0.380170	0.254205
14	scene 2	3.992571	auc	0.721536	0.530585	0.480104	0.725161	0.736339	0.747947
14	scene 3	3.992571	ndcg	0.485606	0.081269	0.079124	0.533120	0.385370	0.108228
14	scene 4	3.992571	auc	0.709445	0.554225	0.516901	0.702395	0.718012	0.718012
14	scene 4	3.992571	ndcg	0.679148	0.078634	0.075547	0.864317	0.781191	0.451905
15	total scene	4.047662	auc	0.761278	0.584425	0.545359	0.766152	0.764677	0.776376
15	total scene	4.047662	ndcg	0.933746	0.138862	0.000000	0.793584	0.778807	0.653147
15	scene 1	3.991671	auc	0.606875	0.499391	0.349219	0.624339	0.636307	0.668717
15	scene 1	3.991671	ndcg	0.000000	0.037635	0.020729	0.000000	0.000000	0.000000
15	scene 2	3.991671	auc	0.712791	0.545640	0.513992	0.702042	0.715965	0.739318
15	scene 1	3.991671	ndcg	0.301468	0.012050	0.026534	0.715686	0.382619	0.283527
15	scene 2	3.991671	auc	0.720547	0.539672	0.501801	0.723118	0.736861	0.747401
15	scene 3	3.991671	ndcg	0.501545	0.064311	0.081735	0.534093	0.401551	0.182829
15	scene 4	3.991671	auc	0.708062	0.563087	0.526953	0.701349	0.718097	0.718097
15	scene 4	3.991671	ndcg	0.622996	0.059452	0.058109	0.864367	0.780377	0.575688
16	total scene	4.048456	auc	0.760763	0.578653	0.548318	0.765945	0.765058	0.777342
16	total scene	4.048456	ndcg	0.848603	0.217261	0.000000	0.933746	0.753449	0.669862
16	scene 1	3.990505	auc	0.600920	0.492670	0.350081	0.619986	0.633193	0.666902
16	scene 1	3.990505	ndcg	0.000000	0.023824	0.021719	0.000000	0.000000	0.000000
16	scene 2	3.990505	auc	0.712104	0.538224	0.513457	0.701746	0.716519	0.740285
16	scene 1	3.990505	ndcg	0.304824	0.013243	0.025737	0.716160	0.382926	0.300792
16	scene 2	3.990505	auc	0.719973	0.547864	0.521682	0.723230	0.736702	0.748241
16	scene 3	3.990505	ndcg	0.485369	0.073716	0.090503	0.533809	0.385552	0.154770
16	scene 4	3.990505	auc	0.707625	0.546736	0.527182	0.701038	0.717368	0.717368
16	scene 4	3.990505	ndcg	0.697629	0.068207	0.062611	0.864326	0.783833	0.585378
17	total scene	4.048797	auc	0.759101	0.565350	0.535153	0.764178	0.764056	0.776242
17	total scene	4.048797	ndcg	0.921602	0.173187	0.000000	0.766349	0.623554	0.836459
17	scene 1	3.989358	auc	0.587746	0.485104	0.332297	0.604760	0.633109	0.665064
17	scene 1	3.989358	ndcg	0.000000	0.018402	0.008752	0.000000	0.000000	0.000000
17	scene 2	3.989358	auc	0.710277	0.524946	0.503812	0.699885	0.715302	0.739317
17	scene 1	3.989358	ndcg	0.235329	0.011831	0.023579	0.716281	0.382219	0.270960
17	scene 2	3.989358	auc	0.718216	0.530304	0.477217	0.720389	0.735542	0.746912
17	scene 3	3.989358	ndcg	0.486346	0.072982	0.080373	0.534068	0.351730	0.153627
17	scene 4	3.989358	auc	0.703191	0.539454	0.518303	0.696192	0.716544	0.716544
17	scene 4	3.989358	ndcg	0.801618	0.077294	0.041224	0.864318	0.777544	0.591195
18	total scene	4.048673	auc	0.759397	0.567549	0.544624	0.764432	0.764203	0.776673
18	total scene	4.048673	ndcg	0.685120	0.138862	0.000000	0.820068	0.926636	0.713654
18	scene 1	3.988650	auc	0.583938	0.496568	0.369870	0.594450	0.635141	0.668033
18	scene 1	3.988650	ndcg	0.000000	0.009921	0.011064	0.000000	0.000000	0.000000
18	scene 2	3.988650	auc	0.710624	0.527453	0.510763	0.700134	0.715261	0.739421
18	scene 1	3.988650	ndcg	0.229743	0.010312	0.015173	0.716252	0.382746	0.275612
18	scene 2	3.988650	auc	0.718269	0.534108	0.503170	0.720055	0.735134	0.747050
18	scene 3	3.988650	ndcg	0.543646	0.054582	0.092583	0.534174	0.358859	0.128680
18	scene 4	3.988650	auc	0.705157	0.536557	0.520190	0.697666	0.715787	0.715787
18	scene 4	3.988650	ndcg	0.676677	0.039006	0.026025	0.864322	0.774468	0.550929
19	total scene	4.048757	auc	0.758813	0.558677	0.530861	0.763689	0.764516	0.776447
19	total scene	4.048757	ndcg	0.766349	0.234406	0.000000	0.889954	0.618866	0.905212
19	scene 1	3.987671	auc	0.573527	0.490263	0.377300	0.580695	0.633538	0.667369
19	scene 1	3.987671	ndcg	0.000000	0.012543	0.008712	0.000000	0.000000	0.000000
19	scene 2	3.987671	auc	0.710245	0.517889	0.497918	0.699510	0.715775	0.739372
19	scene 1	3.987671	ndcg	0.223078	0.012230	0.011190	0.716284	0.382844	0.262527
19	scene 2	3.987671	auc	0.717604	0.532360	0.497024	0.720215	0.736288	0.746916
19	scene 3	3.987671	ndcg	0.496733	0.068595	0.114863	0.534151	0.350909	0.136887
19	scene 4	3.987671	auc	0.702350	0.527200	0.495079	0.696528	0.714663	0.714663
19	scene 4	3.987671	ndcg	0.683973	0.051475	0.032883	0.864315	0.772474	0.511974
20	total scene	4.050781	auc	0.757495	0.553716	0.527858	0.762249	0.763758	0.776237
20	total scene	4.050781	ndcg	0.775239	0.381134	0.000000	0.926636	0.633199	0.713654
20	scene 1	3.986745	auc	0.571557	0.493666	0.360968	0.570691	0.634931	0.668011
20	scene 1	3.986745	ndcg	0.000000	0.012963	0.000000	0.000000	0.000000	0.000000
20	scene 2	3.986745	auc	0.708426	0.512300	0.493261	0.697717	0.714615	0.738839
20	scene 1	3.986745	ndcg	0.221361	0.012514	0.012724	0.716130	0.382335	0.279637
20	scene 2	3.986745	auc	0.715545	0.526733	0.513437	0.718172	0.734738	0.746857
20	scene 3	3.986745	ndcg	0.547927	0.035951	0.112580	0.534177	0.349402	0.083001
20	scene 4	3.986745	auc	0.700727	0.522021	0.486828	0.693244	0.714255	0.714255
20	scene 4	3.986745	ndcg	0.771638	0.044408	0.025354	0.865062	0.773535	0.565389
21	total scene	4.049701	auc	0.757484	0.550746	0.529012	0.762817	0.764051	0.776025
21	total scene	4.049701	ndcg	0.936379	0.322272	0.000000	0.750637	1.000000	0.779908
21	scene 1	3.986105	auc	0.550236	0.482974	0.374760	0.562919	0.631903	0.667197
21	scene 1	3.986105	ndcg	0.000000	0.006053	0.000000	0.000000	0.000000	0.000000
21	scene 2	3.986105	auc	0.709489	0.510895	0.497497	0.699003	0.715221	0.739087
21	scene 1	3.986105	ndcg	0.221414	0.004354	0.008275	0.716280	0.383043	0.309900
21	scene 2	3.986105	auc	0.715369	0.517916	0.488438	0.717534	0.734633	0.746316
21	scene 3	3.986105	ndcg	0.484901	0.039414	0.055426	0.534169	0.342035	0.139325
21	scene 4	3.986105	auc	0.701077	0.530485	0.503066	0.694917	0.713845	0.713845
21	scene 4	3.986105	ndcg	0.603018	0.038325	0.026457	0.864315	0.752429	0.520166
22	total scene	4.051865	auc	0.756026	0.549491	0.529829	0.761341	0.763197	0.775965
22	total scene	4.051865	ndcg	0.574792	0.408536	0.000000	0.841493	0.794883	0.667826
22	scene 1	3.985308	auc	0.546250	0.484283	0.371753	0.552048	0.615179	0.657739
22	scene 1	3.985308	ndcg	0.000000	0.008156	0.000000	0.000000	0.000000	0.000000
22	scene 2	3.985308	auc	0.707915	0.511200	0.497386	0.697944	0.714284	0.738751
22	scene 1	3.985308	ndcg	0.221244	0.008185	0.005786	0.716388	0.383188	0.282720
22	scene 2	3.985308	auc	0.713745	0.522071	0.506220	0.715534	0.732514	0.745796
22	scene 3	3.985308	ndcg	0.490546	0.031521	0.086798	0.534177	0.352091	0.145882
22	scene 4	3.985308	auc	0.698690	0.528316	0.512746	0.693102	0.712431	0.712431
22	scene 4	3.985308	ndcg	0.696410	0.025306	0.028895	0.864315	0.727975	0.601635
23	total scene	4.052051	auc	0.756320	0.547406	0.530865	0.761635	0.762713	0.775458
23	total scene	4.052051	ndcg	0.933746	0.315163	0.000000	0.461569	1.000000	0.413205
23	scene 1	3.984861	auc	0.545791	0.483071	0.374221	0.550562	0.613725	0.654164
23	scene 1	3.984861	ndcg	0.000000	0.007826	0.000000	0.000000	0.000000	0.000000
23	scene 2	3.984861	auc	0.708063	0.508049	0.499220	0.697873	0.713522	0.738010
23	scene 1	3.984861	ndcg	0.221393	0.004568	0.003725	0.716288	0.383267	0.259501
23	scene 2	3.984861	auc	0.713539	0.524487	0.498973	0.716260	0.731745	0.744721
23	scene 3	3.984861	ndcg	0.485730	0.022951	0.063016	0.534176	0.369520	0.141220
23	scene 4	3.984861	auc	0.699459	0.531124	0.505967	0.694369	0.712353	0.712353
23	scene 4	3.984861	ndcg	0.641819	0.039628	0.022723	0.864315	0.777404	0.577982
24	total scene	4.051743	auc	0.755546	0.538427	0.524647	0.760059	0.762627	0.775467
24	total scene	4.051743	ndcg	0.498271	0.220092	0.000000	1.000000	0.779908	0.778807
24	scene 1	3.983973	auc	0.535397	0.479783	0.382749	0.536506	0.596965	0.648010
24	scene 1	3.983973	ndcg	0.000000	0.009160	0.000000	0.000000	0.000000	0.000000
24	scene 2	3.983973	auc	0.708429	0.499865	0.492773	0.697812	0.713888	0.738373
24	scene 1	3.983973	ndcg	0.221301	0.010696	0.005895	0.716265	0.383222	0.261752
24	scene 2	3.983973	auc	0.713930	0.515372	0.492083	0.715892	0.732494	0.745868
24	scene 3	3.983973	ndcg	0.493331	0.021802	0.062797	0.533990	0.366729	0.148140
24	scene 4	3.983973	auc	0.700537	0.527173	0.512356	0.694283	0.712227	0.712227
24	scene 4	3.983973	ndcg	0.601565	0.038371	0.025270	0.864315	0.770472	0.511895
25	total scene	4.050405	auc	0.754513	0.535629	0.516783	0.758818	0.762532	0.775183
25	total scene	4.050405	ndcg	0.574792	0.305235	0.000000	0.765594	0.702631	0.930569
25	scene 1	3.983431	auc	0.530625	0.480161	0.383185	0.531719	0.587766	0.633934
25	scene 1	3.983431	ndcg	0.000000	0.000000	0.000000	0.000000	0.000000	0.000000
25	scene 2	3.983431	auc	0.707688	0.498186	0.486734	0.697539	0.713500	0.737980
25	scene 1	3.983431	ndcg	0.221554	0.011051	0.005980	0.716286	0.383151	0.258817
25	scene 2	3.983431	auc	0.711615	0.509089	0.474896	0.713826	0.731545	0.744578
25	scene 3	3.983431	ndcg	0.486447	0.024676	0.068524	0.534176	0.349021	0.168332
25	scene 4	3.983431	auc	0.700561	0.522765	0.510079	0.694057	0.712423	0.712423
25	scene 4	3.983431	ndcg	0.663818	0.032270	0.028250	0.864315	0.777828	0.486298
26	total scene	4.051437	auc	0.753402	0.533303	0.518953	0.758044	0.762752	0.775229
26	total scene	4.051437	ndcg	0.590049	0.158507	0.000000	0.694765	0.782739	0.753449
26	scene 1	3.983164	auc	0.523534	0.470075	0.368572	0.527294	0.574741	0.606004
26	scene 1	3.983164	ndcg	0.000000	0.000000	0.000000	0.000000	0.000000	0.000000
26	scene 2	3.983164	auc	0.707267	0.494545	0.486307	0.697240	0.714195	0.738332
26	scene 1	3.983164	ndcg	0.221194	0.009348	0.005896	0.716271	0.383172	0.262073
26	scene 2	3.983164	auc	0.711217	0.508647	0.494509	0.713776	0.731156	0.744632
26	scene 3	3.983164	ndcg	0.484944	0.015393	0.053230	0.534174	0.347919	0.139584
26	scene 4	3.983164	auc	0.697855	0.525531	0.508950	0.692164	0.711298	0.711298
26	scene 4	3.983164	ndcg	0.685645	0.021112	0.016888	0.864315	0.777878	0.493093
27	total scene	4.052985	auc	0.751695	0.521712	0.504208	0.757721	0.761829	0.774835
27	total scene	4.052985	ndcg	1.000000	0.179477	0.000000	0.921602	0.766349	0.677728
27	scene 1	3.982476	auc	0.521402	0.459126	0.367859	0.528672	0.564438	0.616837
27	scene 1	3.982476	ndcg	0.000000	0.000000	0.000000	0.000000	0.000000	0.000000
27	scene 2	3.982476	auc	0.705687	0.486387	0.472897	0.696219	0.713475	0.738033
27	scene 1	3.982476	ndcg	0.221255	0.010754	0.005412	0.716287	0.383171	0.258905
27	scene 2	3.982476	auc	0.711325	0.496247	0.488333	0.713064	0.730445	0.744423
27	scene 3	3.982476	ndcg	0.524976	0.006241	0.055230	0.534177	0.348054	0.163047
27	scene 4	3.982476	auc	0.693886	0.514859	0.518651	0.690342	0.708781	0.708781
27	scene 4	3.982476	ndcg	0.816545	0.024714	0.021136	0.864315	0.777871	0.531519
28	total scene	4.053515	auc	0.752500	0.529287	0.517945	0.756452	0.761747	0.774131
28	total scene	4.053515	ndcg	0.921602	0.078398	0.000000	1.000000	0.820068	0.716485
28	scene 1	3.982180	auc	0.527410	0.461396	0.373785	0.529914	0.566049	0.588532
28	scene 1	3.982180	ndcg	0.000000	0.000000	0.000000	0.000000	0.000000	0.000000
28	scene 2	3.982180	auc	0.705726	0.492397	0.484591	0.695275	0.713238	0.737882
28	scene 1	3.982180	ndcg	0.221467	0.004329	0.006179	0.716288	0.383171	0.263759
28	scene 2	3.982180	auc	0.711763	0.503828	0.482485	0.712816	0.730516	0.744483
28	scene 3	3.982180	ndcg	0.485461	0.005855	0.030855	0.534177	0.352999	0.208376
28	scene 4	3.982180	auc	0.693588	0.517795	0.540936	0.688242	0.708419	0.708419
28	scene 4	3.982180	ndcg	0.823475	0.015059	0.017291	0.864315	0.777873	0.575462
29	total scene	4.053563	auc	0.752533	0.521304	0.506209	0.755540	0.761099	0.774080
29	total scene	4.053563	ndcg	0.860382	0.000000	0.000000	0.921602	1.000000	0.501729
29	scene 1	3.981694	auc	0.526365	0.463006	0.358875	0.524594	0.553884	0.596108
29	scene 1	3.981694	ndcg	0.000000	0.000000	0.000000	0.000000	0.000000	0.000000
29	scene 2	3.981694	auc	0.705862	0.486323	0.475627	0.695090	0.713077	0.737631
29	scene 1	3.981694	ndcg	0.224162	0.004891	0.004288	0.716288	0.383170	0.268083
29	scene 2	3.981694	auc	0.710762	0.501864	0.476681	0.710901	0.729724	0.743711
29	scene 3	3.981694	ndcg	0.485347	0.003544	0.022596	0.534175	0.370581	0.144099
29	scene 4	3.981694	auc	0.693605	0.505892	0.512491	0.688618	0.708615	0.708615
29	scene 4	3.981694	ndcg	0.794240	0.017139	0.009569	0.864315	0.777872	0.570088
30	total scene	4.052947	auc	0.751703	0.527152	0.518133	0.756173	0.760091	0.772384
30	total scene	4.052947	ndcg	0.656303	0.078398	0.000000	0.930569	0.656303	0.820523
30	scene 1	3.980829	auc	0.521258	0.461630	0.363636	0.527294	0.537167	0.560656
30	scene 1	3.980829	ndcg	0.000000	0.000000	0.000000	0.000000	0.000000	0.000000
30	scene 2	3.980829	auc	0.705316	0.493444	0.487254	0.695480	0.712363	0.736915
30	scene 1	3.980829	ndcg	0.221203	0.003202	0.003857	0.716287	0.383170	0.259107
30	scene 2	3.980829	auc	0.710011	0.498591	0.492351	0.710082	0.728464	0.743013
30	scene 3	3.980829	ndcg	0.484729	0.004369	0.030461	0.534177	0.350583	0.141296
30	scene 4	3.980829	auc	0.695585	0.519227	0.540994	0.690487	0.707851	0.707851
30	scene 4	3.980829	ndcg	0.779800	0.015384	0.016974	0.864315	0.777872	0.622000
31	total scene	4.051838	auc	0.751212	0.522444	0.508339	0.755437	0.760470	0.771874
31	total scene	4.051838	ndcg	0.611756	0.000000	0.000000	0.933746	0.684837	0.368376
31	scene 1	3.980533	auc	0.519733	0.472509	0.382318	0.524431	0.547820	0.565926
31	scene 1	3.980533	ndcg	0.000000	0.000000	0.000000	0.000000	0.000000	0.000000
31	scene 2	3.980533	auc	0.705469	0.489142	0.481213	0.695523	0.712685	0.736366
31	scene 1	3.980533	ndcg	0.226250	0.002818	0.001280	0.716287	0.383170	0.258812
31	scene 2	3.980533	auc	0.710609	0.500926	0.472827	0.711910	0.731019	0.743980
31	scene 3	3.980533	ndcg	0.484715	0.003724	0.031757	0.534177	0.348390	0.138870
31	scene 4	3.980533	auc	0.694611	0.518801	0.501838	0.690929	0.709083	0.709083
31	scene 4	3.980533	ndcg	0.687638	0.009884	0.005492	0.864315	0.777872	0.562739
32	total scene	4.052515	auc	0.751606	0.521825	0.513196	0.753133	0.758529	0.771406
32	total scene	4.052515	ndcg	0.681206	0.000000	0.000000	0.702728	0.866948	0.767027
32	scene 1	3.980087	auc	0.523434	0.467748	0.380409	0.518953	0.526801	0.564379
32	scene 1	3.980087	ndcg	0.000000	0.000000	0.000000	0.000000	0.000000	0.000000
32	scene 2	3.980087	auc	0.705606	0.489460	0.484819	0.694878	0.711621	0.736201
32	scene 1	3.980087	ndcg	0.222183	0.003003	0.003628	0.716287	0.383171	0.258969
32	scene 2	3.980087	auc	0.711147	0.494381	0.483214	0.710716	0.729653	0.743126
32	scene 3	3.980087	ndcg	0.484713	0.007182	0.052100	0.534177	0.348537	0.139601
32	scene 4	3.980087	auc	0.696125	0.522512	0.525196	0.689884	0.707301	0.707301
32	scene 4	3.980087	ndcg	0.686456	0.010650	0.015819	0.864315	0.777871	0.520617
33	total scene	4.053763	auc	0.749444	0.524300	0.520436	0.752585	0.758547	0.769035
33	total scene	4.053763	ndcg	0.719118	0.069431	0.000000	0.656303	0.930569	0.757382
33	scene 1	3.979768	auc	0.516104	0.471214	0.376915	0.517822	0.529952	0.543572
33	scene 1	3.979768	ndcg	0.000000	0.000000	0.000000	0.000000	0.000000	0.000000
33	scene 2	3.979768	auc	0.704568	0.489442	0.488229	0.694330	0.711409	0.734812
33	scene 1	3.979768	ndcg	0.221711	0.003826	0.003537	0.716287	0.383170	0.259013
33	scene 2	3.979768	auc	0.709914	0.500577	0.511503	0.710220	0.729571	0.741685
33	scene 3	3.979768	ndcg	0.484788	0.004466	0.043739	0.534177	0.347944	0.139790
33	scene 4	3.979768	auc	0.693740	0.517551	0.531153	0.688492	0.706655	0.706655
33	scene 4	3.979768	ndcg	0.809008	0.009848	0.010578	0.864315	0.777880	0.578476
34	total scene	4.054443	auc	0.747486	0.523773	0.516104	0.749931	0.758029	0.770326
34	total scene	4.054443	ndcg	0.841591	0.000000	0.000000	0.936379	0.787774	0.845426
34	scene 1	3.979460	auc	0.511793	0.468963	0.381723	0.513428	0.526530	0.556401
34	scene 1	3.979460	ndcg	0.000000	0.000000	0.000000	0.000000	0.000000	0.000000
34	scene 2	3.979460	auc	0.703298	0.488984	0.486939	0.693028	0.711176	0.735352
34	scene 1	3.979460	ndcg	0.250284	0.002422	0.001780	0.716287	0.383170	0.259297
34	scene 2	3.979460	auc	0.709764	0.498286	0.473676	0.709452	0.729445	0.742217
34	scene 3	3.979460	ndcg	0.484725	0.004186	0.049792	0.534177	0.347869	0.140089
34	scene 4	3.979460	auc	0.692287	0.519153	0.520244	0.686271	0.706170	0.706170
34	scene 4	3.979460	ndcg	0.816175	0.008760	0.007752	0.864315	0.777910	0.566450
35	total scene	4.054046	auc	0.746646	0.520911	0.512968	0.751301	0.757116	0.768313
35	total scene	4.054046	ndcg	0.531000	0.078398	0.000000	0.742125	0.841591	0.572755
35	scene 1	3.979486	auc	0.510902	0.462062	0.386007	0.515265	0.523988	0.546257
35	scene 1	3.979486	ndcg	0.000000	0.000000	0.000000	0.000000	0.000000	0.000000
35	scene 2	3.979486	auc	0.703328	0.486353	0.482212	0.693704	0.710861	0.734372
35	scene 1	3.979486	ndcg	0.305848	0.002376	0.002161	0.716287	0.383170	0.259059
35	scene 2	3.979486	auc	0.708135	0.498307	0.477932	0.709566	0.728717	0.742536
35	scene 3	3.979486	ndcg	0.486347	0.002555	0.046284	0.534177	0.347912	0.139745
35	scene 4	3.979486	auc	0.690792	0.517381	0.520275	0.686564	0.705317	0.705317
35	scene 4	3.979486	ndcg	0.822813	0.008051	0.007250	0.864315	0.777872	0.486901
36	total scene	4.054527	auc	0.746337	0.525504	0.519680	0.749958	0.756164	0.764274
36	total scene	4.054527	ndcg	0.772160	0.073364	0.000000	0.418918	0.728086	0.746705
36	scene 1	3.979162	auc	0.511655	0.467298	0.388962	0.514256	0.520202	0.530053
36	scene 1	3.979162	ndcg	0.000000	0.000000	0.000000	0.000000	0.000000	0.000000
36	scene 2	3.979162	auc	0.702695	0.493529	0.491021	0.692991	0.710294	0.731559
36	scene 1	3.979162	ndcg	0.303302	0.001111	0.000977	0.716287	0.383170	0.258812
36	scene 2	3.979162	auc	0.708273	0.502741	0.491071	0.707961	0.728726	0.740611
36	scene 3	3.979162	ndcg	0.485718	0.001981	0.053696	0.534177	0.347921	0.139729
36	scene 4	3.979162	auc	0.691574	0.523585	0.522740	0.687285	0.705526	0.705526
36	scene 4	3.979162	ndcg	0.823645	0.005234	0.006658	0.864315	0.777872	0.563180
37	total scene	4.053501	auc	0.747664	0.518953	0.510325	0.752207	0.757012	0.766336
37	total scene	4.053501	ndcg	0.540467	0.094788	0.000000	0.687951	0.823700	0.926636
37	scene 1	3.978675	auc	0.513243	0.465907	0.385715	0.517320	0.522342	0.546319
37	scene 1	3.978675	ndcg	0.000000	0.000000	0.000000	0.000000	0.000000	0.000000
37	scene 2	3.978675	auc	0.703507	0.488441	0.482974	0.693724	0.710616	0.732746
37	scene 1	3.978675	ndcg	0.239618	0.001576	0.001591	0.716287	0.383170	0.258816
37	scene 2	3.978675	auc	0.708952	0.492848	0.483661	0.710714	0.728344	0.740066
37	scene 3	3.978675	ndcg	0.514851	0.002055	0.045855	0.534177	0.347917	0.143477
37	scene 4	3.978675	auc	0.694689	0.517081	0.524520	0.690434	0.705910	0.705910
37	scene 4	3.978675	ndcg	0.821034	0.005501	0.005925	0.864315	0.777877	0.486079
38	total scene	4.053838	auc	0.743946	0.526224	0.520723	0.749452	0.756548	0.761608
38	total scene	4.053838	ndcg	0.794883	0.000000	0.000000	0.694765	0.652371	0.449034
38	scene 1	3.978330	auc	0.508943	0.469644	0.372015	0.514144	0.520221	0.526355
38	scene 1	3.978330	ndcg	0.000000	0.000000	0.000000	0.000000	0.000000	0.000000
38	scene 2	3.978330	auc	0.702005	0.494464	0.491912	0.692942	0.710584	0.729770
38	scene 1	3.978330	ndcg	0.221952	0.001192	0.002336	0.716287	0.383158	0.259979
38	scene 2	3.978330	auc	0.708507	0.499524	0.495372	0.708323	0.727875	0.738737
38	scene 3	3.978330	ndcg	0.484725	0.002407	0.024287	0.534177	0.347916	0.140414
38	scene 4	3.978330	auc	0.690478	0.525649	0.537911	0.686921	0.705304	0.705304
38	scene 4	3.978330	ndcg	0.823600	0.008187	0.010706	0.864315	0.777872	0.559816
39	total scene	4.054790	auc	0.743476	0.535725	0.536320	0.746052	0.755449	0.760558
39	total scene	4.054790	ndcg	0.751092	0.000000	0.000000	0.926636	0.460813	0.779171
39	scene 1	3.977876	auc	0.508723	0.477577	0.372272	0.507518	0.519279	0.521011
39	scene 1	3.977876	ndcg	0.000000	0.000000	0.000000	0.000000	0.000000	0.000000
39	scene 2	3.977876	auc	0.701928	0.499865	0.502156	0.691932	0.709989	0.729051
39	scene 1	3.977876	ndcg	0.221225	0.001019	0.001777	0.716287	0.383163	0.258817
39	scene 2	3.977876	auc	0.707083	0.497723	0.509896	0.706982	0.726443	0.736676
39	scene 3	3.977876	ndcg	0.484712	0.000661	0.024245	0.534177	0.347931	0.139645
39	scene 4	3.977876	auc	0.690662	0.533076	0.561987	0.685520	0.704356	0.704356
39	scene 4	3.977876	ndcg	0.822847	0.008453	0.008290	0.864315	0.777873	0.563091
40	total scene	4.054322	auc	0.743567	0.530241	0.526001	0.746689	0.753669	0.759738
40	total scene	4.054322	ndcg	0.595859	0.220092	0.000000	0.747935	0.584719	1.000000
40	scene 1	3.977689	auc	0.507977	0.473579	0.376466	0.508204	0.516772	0.522736
40	scene 1	3.977689	ndcg	0.000000	0.000000	0.000000	0.000000	0.000000	0.000000
40	scene 2	3.977689	auc	0.701810	0.496791	0.495157	0.691864	0.709302	0.728502
40	scene 1	3.977689	ndcg	0.221263	0.000974	0.001351	0.716287	0.383170	0.259261
40	scene 2	3.977689	auc	0.707707	0.500916	0.510283	0.706484	0.726334	0.735884
40	scene 3	3.977689	ndcg	0.485989	0.000739	0.041022	0.534177	0.347975	0.139623
40	scene 4	3.977689	auc	0.689382	0.529185	0.539538	0.684496	0.703901	0.703901
40	scene 4	3.977689	ndcg	0.740054	0.007887	0.007078	0.864315	0.777872	0.562476
41	total scene	4.053738	auc	0.742888	0.531141	0.527571	0.748163	0.750616	0.753582
41	total scene	4.053738	ndcg	0.754269	0.073364	0.000000	0.861138	0.710477	0.561892
41	scene 1	3.977290	auc	0.506836	0.471829	0.377792	0.511133	0.510539	0.518052
41	scene 1	3.977290	ndcg	0.000000	0.000000	0.000000	0.000000	0.000000	0.000000
41	scene 2	3.977290	auc	0.701576	0.496962	0.495640	0.692426	0.708093	0.724164
41	scene 1	3.977290	ndcg	0.253047	0.000946	0.002699	0.716287	0.383170	0.258810
41	scene 2	3.977290	auc	0.707227	0.500370	0.498899	0.707653	0.724491	0.731934
41	scene 3	3.977290	ndcg	0.484982	0.001439	0.032592	0.534177	0.347913	0.139614
41	scene 4	3.977290	auc	0.690006	0.527981	0.543957	0.685531	0.704492	0.704492
41	scene 4	3.977290	ndcg	0.815829	0.002996	0.007011	0.864315	0.777873	0.562558
42	total scene	4.053921	auc	0.740639	0.529939	0.526503	0.745873	0.750779	0.750794
42	total scene	4.053921	ndcg	0.772160	0.148764	0.000000	0.921602	0.795166	0.861138
42	scene 1	3.976847	auc	0.506297	0.475532	0.372585	0.508448	0.510311	0.516976
42	scene 1	3.976847	ndcg	0.000000	0.000000	0.000000	0.000000	0.000000	0.000000
42	scene 2	3.976847	auc	0.700499	0.497306	0.496397	0.691993	0.707929	0.722053
42	scene 1	3.976847	ndcg	0.221193	0.001581	0.001635	0.716287	0.383170	0.258816
42	scene 2	3.976847	auc	0.707831	0.507165	0.500878	0.708916	0.724507	0.731138
42	scene 3	3.976847	ndcg	0.484712	0.001469	0.074007	0.534177	0.347913	0.139622
42	scene 4	3.976847	auc	0.691553	0.526818	0.541030	0.687802	0.703797	0.703797
42	scene 4	3.976847	ndcg	0.811348	0.012499	0.007643	0.864315	0.777872	0.487229
43	total scene	4.054179	auc	0.743633	0.527357	0.525111	0.749126	0.750299	0.749837
43	total scene	4.054179	ndcg	0.926636	0.078398	0.000000	0.766349	0.889954	0.669862
43	scene 1	3.976985	auc	0.508363	0.471960	0.374175	0.513740	0.511919	0.517627
43	scene 1	3.976985	ndcg	0.000000	0.000000	0.000000	0.000000	0.000000	0.000000
43	scene 2	3.976985	auc	0.701821	0.494579	0.494315	0.692930	0.707856	0.721121
43	scene 1	3.976985	ndcg	0.221197	0.000976	0.001463	0.716287	0.383170	0.258816
43	scene 2	3.976985	auc	0.708032	0.504068	0.503259	0.709163	0.724411	0.731320
43	scene 3	3.976985	ndcg	0.484715	0.000990	0.042444	0.534177	0.348035	0.139665
43	scene 4	3.976985	auc	0.693364	0.520934	0.535504	0.689368	0.705217	0.705217
43	scene 4	3.976985	ndcg	0.776721	0.008570	0.005416	0.864315	0.777872	0.516615
44	total scene	4.054795	auc	0.739748	0.529112	0.531808	0.744930	0.747394	0.751482
44	total scene	4.054795	ndcg	0.742125	0.063621	0.000000	0.690194	0.861138	1.000000
44	scene 1	3.976311	auc	0.506371	0.467592	0.379501	0.508364	0.507517	0.517945
44	scene 1	3.976311	ndcg	0.000000	0.000000	0.000000	0.000000	0.000000	0.000000
44	scene 2	3.976311	auc	0.699543	0.493973	0.498783	0.691121	0.705972	0.722234
44	scene 1	3.976311	ndcg	0.221312	0.001001	0.002103	0.716287	0.383170	0.258815
44	scene 2	3.976311	auc	0.706005	0.502000	0.489598	0.706308	0.723533	0.730865
44	scene 3	3.976311	ndcg	0.486100	0.001428	0.030172	0.534177	0.373877	0.139701
44	scene 4	3.976311	auc	0.689366	0.519847	0.558850	0.685285	0.702202	0.702202
44	scene 4	3.976311	ndcg	0.823544	0.006952	0.009135	0.864315	0.777873	0.544297
45	total scene	4.053909	auc	0.742505	0.530574	0.528047	0.747572	0.750933	0.751177
45	total scene	4.053909	ndcg	1.000000	0.138862	0.000000	0.779908	0.369336	0.449034
45	scene 1	3.976552	auc	0.506720	0.473572	0.380589	0.507606	0.511782	0.516229
45	scene 1	3.976552	ndcg	0.000000	0.000000	0.000000	0.000000	0.000000	0.000000
45	scene 2	3.976552	auc	0.701026	0.494965	0.495914	0.692093	0.707954	0.722167
45	scene 1	3.976552	ndcg	0.223545	0.001262	0.001105	0.716287	0.383170	0.258810
45	scene 2	3.976552	auc	0.708857	0.498399	0.484985	0.709553	0.725857	0.732649
45	scene 3	3.976552	ndcg	0.484735	0.000000	0.024923	0.534176	0.347912	0.139606
45	scene 4	3.976552	auc	0.692351	0.522213	0.541738	0.688783	0.704056	0.704056
45	scene 4	3.976552	ndcg	0.819507	0.000000	0.007446	0.864315	0.777904	0.496202
46	total scene	4.055620	auc	0.742155	0.525275	0.521160	0.745397	0.746404	0.744334
46	total scene	4.055620	ndcg	0.848603	0.000000	0.000000	0.772838	0.861138	0.763095
46	scene 1	3.975795	auc	0.508229	0.463015	0.377079	0.508150	0.506122	0.509044
46	scene 1	3.975795	ndcg	0.000000	0.000000	0.000000	0.000000	0.000000	0.000000
46	scene 2	3.975795	auc	0.700295	0.491861	0.490639	0.691041	0.705484	0.716843
46	scene 1	3.975795	ndcg	0.226207	0.001200	0.002517	0.716287	0.383170	0.258840
46	scene 2	3.975795	auc	0.706432	0.489302	0.473884	0.706966	0.722752	0.728186
46	scene 3	3.975795	ndcg	0.486577	0.000000	0.045929	0.534177	0.354271	0.139739
46	scene 4	3.975795	auc	0.688103	0.522974	0.534482	0.684369	0.700818	0.700818
46	scene 4	3.975795	ndcg	0.823696	0.004150	0.006944	0.864315	0.777873	0.562769
47	total scene	4.053901	auc	0.740076	0.524068	0.518746	0.738622	0.748922	0.748441
47	total scene	4.053901	ndcg	0.820068	0.085143	0.000000	0.525210	0.861138	0.596498
47	scene 1	3.975816	auc	0.504780	0.459447	0.372087	0.504202	0.510760	0.517732
47	scene 1	3.975816	ndcg	0.000000	0.000000	0.000000	0.000000	0.000000	0.000000
47	scene 2	3.975816	auc	0.699613	0.490449	0.488557	0.688111	0.706840	0.719900
47	scene 1	3.975816	ndcg	0.221204	0.000000	0.000000	0.716287	0.383170	0.258810
47	scene 2	3.975816	auc	0.707454	0.493390	0.464286	0.705105	0.723784	0.730744
47	scene 3	3.975816	ndcg	0.500786	0.000000	0.036143	0.534177	0.347912	0.139619
47	scene 4	3.975816	auc	0.687747	0.522106	0.534066	0.681265	0.703288	0.703288
47	scene 4	3.975816	ndcg	0.823663	0.000000	0.000000	0.864315	0.777874	0.485499
48	total scene	4.054558	auc	0.737864	0.523569	0.526147	0.746914	0.746086	0.745019
48	total scene	4.054558	ndcg	1.000000	0.000000	0.000000	0.855348	0.826333	0.668761
48	scene 1	3.975646	auc	0.504595	0.458126	0.387079	0.509925	0.508912	0.512897
48	scene 1	3.975646	ndcg	0.000000	0.000000	0.000000	0.000000	0.000000	0.000000
48	scene 2	3.975646	auc	0.698446	0.487575	0.492384	0.691738	0.705489	0.717549
48	scene 1	3.975646	ndcg	0.221203	0.000000	0.001906	0.716287	0.383170	0.258810
48	scene 2	3.975646	auc	0.705102	0.494347	0.478318	0.706292	0.721692	0.728449
48	scene 3	3.975646	ndcg	0.484953	0.000000	0.024866	0.534177	0.347918	0.139706
48	scene 4	3.975646	auc	0.687778	0.522137	0.549559	0.685072	0.702130	0.702130
48	scene 4	3.975646	ndcg	0.823684	0.000000	0.003437	0.864315	0.777872	0.555732
49	total scene	4.054713	auc	0.739426	0.524762	0.522198	0.743977	0.745874	0.740297
49	total scene	4.054713	ndcg	0.605140	0.000000	0.000000	0.438089	0.694765	0.719118
49	scene 1	3.975237	auc	0.504748	0.459577	0.379475	0.506362	0.508856	0.509600
49	scene 1	3.975237	ndcg	0.000000	0.000000	0.000000	0.000000	0.000000	0.000000
49	scene 2	3.975237	auc	0.699005	0.490757	0.491706	0.690397	0.704974	0.713588
49	scene 1	3.975237	ndcg	0.221451	0.000000	0.000000	0.716287	0.383170	0.258810
49	scene 2	3.975237	auc	0.706246	0.494003	0.465967	0.705684	0.722204	0.727830
49	scene 3	3.975237	ndcg	0.485608	0.000000	0.021099	0.534177	0.347913	0.139818
49	scene 4	3.975237	auc	0.688614	0.524843	0.537615	0.683765	0.701869	0.701869
49	scene 4	3.975237	ndcg	0.823697	0.000000	0.002999	0.864315	0.777872	0.486161
50	total scene	4.054435	auc	0.735954	0.527374	0.522299	0.739532	0.744102	0.734933
50	total scene	4.054435	ndcg	1.000000	0.069431	0.000000	0.655548	0.441285	0.583716
50	scene 1	3.974978	auc	0.504286	0.459861	0.374817	0.504437	0.504986	0.509315
50	scene 1	3.974978	ndcg	0.000000	0.000000	0.000000	0.000000	0.000000	0.000000
50	scene 2	3.974978	auc	0.697713	0.491435	0.490897	0.689014	0.704130	0.709343
50	scene 1	3.974978	ndcg	0.221194	0.000000	0.001882	0.716287	0.383170	0.258810
50	scene 2	3.974978	auc	0.705160	0.494333	0.467202	0.704278	0.720653	0.721005
50	scene 3	3.974978	ndcg	0.484943	0.000000	0.024587	0.534177	0.347912	0.139618
50	scene 4	3.974978	auc	0.688929	0.525917	0.532385	0.684569	0.702543	0.702543
50	scene 4	3.974978	ndcg	0.640534	0.000000	0.003061	0.864315	0.777872	0.485512
51	total scene	4.054735	auc	0.739588	0.532850	0.533891	0.743177	0.746190	0.738766
51	total scene	4.054735	ndcg	0.795166	0.000000	0.000000	0.791706	0.751092	0.826333
51	scene 1	3.974865	auc	0.506170	0.463927	0.383811	0.505122	0.507442	0.506057
51	scene 1	3.974865	ndcg	0.000000	0.000000	0.000000	0.000000	0.000000	0.000000
51	scene 2	3.974865	auc	0.699202	0.495037	0.499087	0.690301	0.705372	0.712374
51	scene 1	3.974865	ndcg	0.276174	0.000000	0.002173	0.716287	0.383170	0.258810
51	scene 2	3.974865	auc	0.705588	0.495994	0.482396	0.705370	0.722435	0.723838
51	scene 3	3.974865	ndcg	0.484857	0.000000	0.019877	0.534177	0.347911	0.139637
51	scene 4	3.974865	auc	0.691165	0.525008	0.549532	0.686453	0.703163	0.703163
51	scene 4	3.974865	ndcg	0.696664	0.000000	0.003307	0.864315	0.777872	0.566215
52	total scene	4.054111	auc	0.737894	0.522223	0.524943	0.740371	0.746262	0.736255
52	total scene	4.054111	ndcg	1.000000	0.000000	0.000000	0.599329	0.606722	0.592683
52	scene 1	3.974648	auc	0.505544	0.454082	0.379455	0.504907	0.506368	0.504216
52	scene 1	3.974648	ndcg	0.000000	0.000000	0.000000	0.000000	0.000000	0.000000
52	scene 2	3.974648	auc	0.698286	0.486588	0.491671	0.689084	0.705581	0.710595
52	scene 1	3.974648	ndcg	0.221259	0.000000	0.000000	0.716287	0.383170	0.258810
52	scene 2	3.974648	auc	0.706094	0.491333	0.473438	0.704145	0.722500	0.723688
52	scene 3	3.974648	ndcg	0.484719	0.000000	0.019624	0.534177	0.347912	0.139618
52	scene 4	3.974648	auc	0.686617	0.516500	0.537880	0.682197	0.702112	0.702112
52	scene 4	3.974648	ndcg	0.786154	0.000000	0.000000	0.864315	0.777872	0.554558
53	total scene	4.054510	auc	0.737245	0.522032	0.523483	0.739045	0.744764	0.733202
53	total scene	4.054510	ndcg	0.763095	0.000000	0.000000	0.575074	0.621697	0.461114
53	scene 1	3.974384	auc	0.504586	0.452383	0.376179	0.505077	0.505173	0.503925
53	scene 1	3.974384	ndcg	0.000000	0.000000	0.000000	0.000000	0.000000	0.000000
53	scene 2	3.974384	auc	0.697976	0.486948	0.492304	0.688257	0.704980	0.708171
53	scene 1	3.974384	ndcg	0.221194	0.000000	0.000000	0.716287	0.383170	0.258810
53	scene 2	3.974384	auc	0.704848	0.489230	0.459048	0.703453	0.721798	0.719505
53	scene 3	3.974384	ndcg	0.490926	0.000000	0.019935	0.534177	0.347912	0.139752
53	scene 4	3.974384	auc	0.688100	0.516632	0.527469	0.682264	0.702164	0.702164
53	scene 4	3.974384	ndcg	0.809735	0.000000	0.000000	0.864315	0.777872	0.562699
54	total scene	4.055047	auc	0.733881	0.517710	0.519796	0.736778	0.743598	0.732750
54	total scene	4.055047	ndcg	0.713654	0.000000	0.000000	0.795166	0.559080	1.000000
54	scene 1	3.974129	auc	0.504556	0.453986	0.374404	0.504784	0.503194	0.505142
54	scene 1	3.974129	ndcg	0.000000	0.000000	0.000000	0.000000	0.000000	0.000000
54	scene 2	3.974129	auc	0.696009	0.482416	0.487450	0.687220	0.704274	0.707728
54	scene 1	3.974129	ndcg	0.221194	0.000000	0.000000	0.716287	0.383170	0.258911
54	scene 2	3.974129	auc	0.703603	0.486323	0.453066	0.702916	0.720862	0.720078
54	scene 3	3.974129	ndcg	0.546990	0.000000	0.018610	0.534177	0.347912	0.139655
54	scene 4	3.974129	auc	0.688456	0.510811	0.532900	0.682412	0.701753	0.701753
54	scene 4	3.974129	ndcg	0.823384	0.000000	0.000000	0.864315	0.777873	0.593350
55	total scene	4.055072	auc	0.736009	0.521250	0.524850	0.737563	0.742338	0.733624
55	total scene	4.055072	ndcg	0.706563	0.000000	0.000000	0.681661	0.397493	0.641046
55	scene 1	3.973940	auc	0.503950	0.456430	0.387203	0.503566	0.502487	0.504157
55	scene 1	3.973940	ndcg	0.000000	0.000000	0.000000	0.000000	0.000000	0.000000
55	scene 2	3.973940	auc	0.697324	0.484445	0.492972	0.687541	0.703312	0.708506
55	scene 1	3.973940	ndcg	0.221194	0.000000	0.000000	0.716287	0.383170	0.258810
55	scene 2	3.973940	auc	0.705152	0.495557	0.457232	0.703152	0.720480	0.721469
55	scene 3	3.973940	ndcg	0.486071	0.000000	0.000000	0.534177	0.373361	0.140165
55	scene 4	3.973940	auc	0.686639	0.513682	0.532520	0.680479	0.699956	0.699956
55	scene 4	3.973940	ndcg	0.823700	0.000000	0.000000	0.864315	0.777872	0.515722
56	total scene	4.053676	auc	0.737317	0.518543	0.522021	0.739271	0.740699	0.734070
56	total scene	4.053676	ndcg	0.775994	0.000000	0.000000	0.710023	0.921602	0.567682
56	scene 1	3.973761	auc	0.504705	0.450074	0.377562	0.504603	0.502601	0.507527
56	scene 1	3.973761	ndcg	0.000000	0.000000	0.000000	0.000000	0.000000	0.000000
56	scene 2	3.973761	auc	0.698251	0.482701	0.490641	0.688550	0.702526	0.708807
56	scene 1	3.973761	ndcg	0.221647	0.000000	0.000000	0.716287	0.383170	0.258810
56	scene 2	3.973761	auc	0.706691	0.491555	0.452560	0.705226	0.719016	0.723530
56	scene 3	3.973761	ndcg	0.488079	0.000000	0.000000	0.534177	0.347944	0.139622
56	scene 4	3.973761	auc	0.689374	0.512725	0.534702	0.683589	0.701114	0.701114
56	scene 4	3.973761	ndcg	0.786598	0.000000	0.000000	0.864315	0.777872	0.485867
57	total scene	4.054581	auc	0.732887	0.531731	0.534145	0.736251	0.737167	0.728225
57	total scene	4.054581	ndcg	0.933746	0.000000	0.000000	0.861138	0.656981	0.316462
57	scene 1	3.973525	auc	0.502892	0.459662	0.379568	0.503269	0.501363	0.502853
57	scene 1	3.973525	ndcg	0.000000	0.000000	0.000000	0.000000	0.000000	0.000000
57	scene 2	3.973525	auc	0.695663	0.493149	0.499650	0.687194	0.700656	0.704305
57	scene 1	3.973525	ndcg	0.221202	0.000000	0.000000	0.716287	0.383170	0.258810
57	scene 2	3.973525	auc	0.703820	0.501390	0.468571	0.702502	0.714715	0.715752
57	scene 3	3.973525	ndcg	0.484712	0.000000	0.030503	0.534177	0.347912	0.139919
57	scene 4	3.973525	auc	0.686339	0.524239	0.546834	0.682024	0.698884	0.698884
57	scene 4	3.973525	ndcg	0.817615	0.000000	0.000000	0.864315	0.777872	0.563036
58	total scene	4.054891	auc	0.737288	0.522759	0.523786	0.734805	0.740368	0.722853
58	total scene	4.054891	ndcg	0.826813	0.000000	0.000000	0.936379	0.669126	0.546936
58	scene 1	3.973628	auc	0.505016	0.454841	0.381564	0.504752	0.502508	0.502949
58	scene 1	3.973628	ndcg	0.000000	0.000000	0.000000	0.000000	0.000000	0.000000
58	scene 2	3.973628	auc	0.697801	0.485970	0.491826	0.686024	0.702243	0.699354
58	scene 1	3.973628	ndcg	0.224435	0.000000	0.000000	0.716287	0.383170	0.258810
58	scene 2	3.973628	auc	0.706021	0.493750	0.455446	0.702209	0.717452	0.715660
58	scene 3	3.973628	ndcg	0.491085	0.000000	0.000000	0.534177	0.347912	0.142921
58	scene 4	3.973628	auc	0.686994	0.522603	0.544302	0.679906	0.699702	0.699702
58	scene 4	3.973628	ndcg	0.823699	0.000000	0.000000	0.864315	0.777872	0.544871
59	total scene	4.055935	auc	0.732202	0.522559	0.522396	0.731417	0.743127	0.728279
59	total scene	4.055935	ndcg	0.745302	0.000000	0.000000	0.700095	0.747935	0.697596
59	scene 1	3.972916	auc	0.503462	0.453551	0.393021	0.501705	0.501705	0.503233
59	scene 1	3.972916	ndcg	0.000000	0.000000	0.000000	0.000000	0.000000	0.000000
59	scene 2	3.972916	auc	0.694403	0.484686	0.489260	0.684146	0.703549	0.704199
59	scene 1	3.972916	ndcg	0.221869	0.000000	0.000000	0.716287	0.383170	0.258810
59	scene 2	3.972916	auc	0.701589	0.495005	0.454182	0.700647	0.719020	0.716318
59	scene 3	3.972916	ndcg	0.592129	0.000000	0.000000	0.534177	0.347912	0.142447
59	scene 4	3.972916	auc	0.684313	0.515193	0.533765	0.678076	0.699209	0.699209
59	scene 4	3.972916	ndcg	0.823697	0.000000	0.000000	0.864315	0.777941	0.564464
60	total scene	4.055467	auc	0.732038	0.523894	0.532740	0.733880	0.741055	0.727362
60	total scene	4.055467	ndcg	0.694765	0.000000	0.000000	0.427245	0.700095	0.710023
60	scene 1	3.973133	auc	0.503473	0.453736	0.378706	0.503772	0.502880	0.503290
60	scene 1	3.973133	ndcg	0.000000	0.000000	0.000000	0.000000	0.000000	0.000000
60	scene 2	3.973133	auc	0.694720	0.484417	0.497313	0.685829	0.702488	0.703211
60	scene 1	3.973133	ndcg	0.221193	0.000000	0.000000	0.716287	0.383170	0.258810
60	scene 2	3.973133	auc	0.702322	0.495472	0.478296	0.700867	0.717602	0.718291
60	scene 3	3.973133	ndcg	0.485211	0.000000	0.000000	0.534177	0.347912	0.139636
60	scene 4	3.973133	auc	0.683556	0.515331	0.539489	0.678194	0.700135	0.700135
60	scene 4	3.973133	ndcg	0.823697	0.000000	0.000000	0.864315	0.777873	0.531423
61	total scene	4.055486	auc	0.733410	0.527463	0.532774	0.737859	0.735404	0.724971
61	total scene	4.055486	ndcg	0.770204	0.000000	0.000000	0.706563	0.656303	0.423331
61	scene 1	3.973043	auc	0.503736	0.459844	0.388629	0.504132	0.502786	0.502079
61	scene 1	3.973043	ndcg	0.000000	0.000000	0.000000	0.000000	0.000000	0.000000
61	scene 2	3.973043	auc	0.695547	0.489218	0.499292	0.687746	0.699243	0.701469
61	scene 1	3.973043	ndcg	0.221194	0.000000	0.000000	0.716287	0.383170	0.258810
61	scene 2	3.973043	auc	0.703262	0.502486	0.461741	0.703235	0.713896	0.714329
61	scene 3	3.973043	ndcg	0.490131	0.000000	0.000000	0.534177	0.347912	0.139618
61	scene 4	3.973043	auc	0.686625	0.516262	0.545727	0.681734	0.697878	0.697878
61	scene 4	3.973043	ndcg	0.799042	0.000000	0.000000	0.864315	0.777872	0.492227
62	total scene	4.055121	auc	0.737733	0.523171	0.522044	0.738188	0.736710	0.725353
62	total scene	4.055121	ndcg	0.791706	0.000000	0.000000	0.658181	0.775994	0.779171
62	scene 1	3.972900	auc	0.504866	0.450635	0.373847	0.505139	0.502564	0.502137
62	scene 1	3.972900	ndcg	0.000000	0.000000	0.000000	0.000000	0.000000	0.000000
62	scene 2	3.972900	auc	0.697769	0.485465	0.489378	0.687643	0.700058	0.701569
62	scene 1	3.972900	ndcg	0.222191	0.000000	0.000000	0.716287	0.383170	0.258810
62	scene 2	3.972900	auc	0.704761	0.493549	0.447068	0.702257	0.713854	0.715298
62	scene 3	3.972900	ndcg	0.484714	0.000000	0.000000	0.534177	0.347912	0.139651
62	scene 4	3.972900	auc	0.686140	0.516672	0.542648	0.680943	0.698410	0.698410
62	scene 4	3.972900	ndcg	0.750063	0.000000	0.000000	0.864315	0.777872	0.606647
63	total scene	4.054241	auc	0.736325	0.524132	0.532683	0.733631	0.736193	0.719711
63	total scene	4.054241	ndcg	0.762417	0.000000	0.000000	1.000000	0.791706	0.921602
63	scene 1	3.972665	auc	0.503842	0.451902	0.379660	0.503035	0.502763	0.501934
63	scene 1	3.972665	ndcg	0.000000	0.000000	0.000000	0.000000	0.000000	0.000000
63	scene 2	3.972665	auc	0.697275	0.485423	0.498037	0.685621	0.699877	0.697010
63	scene 1	3.972665	ndcg	0.221610	0.000000	0.000000	0.716287	0.383170	0.258810
63	scene 2	3.972665	auc	0.703778	0.495229	0.454449	0.700823	0.713545	0.710902
63	scene 3	3.972665	ndcg	0.484847	0.000000	0.000000	0.534177	0.347912	0.139618
63	scene 4	3.972665	auc	0.687911	0.516326	0.552118	0.681566	0.700419	0.700419
63	scene 4	3.972665	ndcg	0.738555	0.000000	0.000000	0.864315	0.777872	0.548984
64	total scene	4.054949	auc	0.730248	0.519522	0.518634	0.730378	0.738161	0.716660
64	total scene	4.054949	ndcg	0.438089	0.000000	0.000000	0.571615	0.716485	0.685120
64	scene 1	3.972365	auc	0.501261	0.445639	0.372636	0.501765	0.502410	0.502716
64	scene 1	3.972365	ndcg	0.000000	0.000000	0.000000	0.000000	0.000000	0.000000
64	scene 2	3.972365	auc	0.694060	0.484031	0.486763	0.684097	0.700820	0.694287
64	scene 1	3.972365	ndcg	0.221200	0.000000	0.000000	0.716287	0.383170	0.258810
64	scene 2	3.972365	auc	0.702116	0.491690	0.444375	0.700558	0.715583	0.709403
64	scene 3	3.972365	ndcg	0.486085	0.000000	0.000000	0.534177	0.347912	0.139618
64	scene 4	3.972365	auc	0.685538	0.515487	0.543863	0.679920	0.699904	0.699904
64	scene 4	3.972365	ndcg	0.738557	0.000000	0.000000	0.864315	0.777872	0.535502
65	total scene	4.054959	auc	0.733757	0.520217	0.523958	0.735019	0.734513	0.714870
65	total scene	4.054959	ndcg	0.741190	0.000000	0.000000	0.652864	0.467859	0.694765
65	scene 1	3.972481	auc	0.504023	0.448177	0.376705	0.503952	0.502281	0.502947
65	scene 1	3.972481	ndcg	0.000000	0.000000	0.000000	0.000000	0.000000	0.000000
65	scene 2	3.972481	auc	0.695889	0.484237	0.491061	0.686392	0.698722	0.692761
65	scene 1	3.972481	ndcg	0.221220	0.000000	0.000000	0.716287	0.383170	0.258810
65	scene 2	3.972481	auc	0.704006	0.490339	0.451682	0.703246	0.713438	0.709543
65	scene 3	3.972481	ndcg	0.484840	0.000000	0.000000	0.534177	0.347912	0.139620
65	scene 4	3.972481	auc	0.685273	0.514189	0.550083	0.680009	0.697797	0.697797
65	scene 4	3.972481	ndcg	0.738550	0.000000	0.000000	0.864315	0.777872	0.567943
66	total scene	4.055738	auc	0.732222	0.523189	0.527807	0.733327	0.735279	0.722174
66	total scene	4.055738	ndcg	0.794883	0.000000	0.000000	0.621401	0.787774	0.308872
66	scene 1	3.972251	auc	0.502649	0.441868	0.360991	0.503246	0.502572	0.502249
66	scene 1	3.972251	ndcg	0.000000	0.000000	0.000000	0.000000	0.000000	0.000000
66	scene 2	3.972251	auc	0.694651	0.486223	0.493969	0.685238	0.699051	0.698829
66	scene 1	3.972251	ndcg	0.222794	0.000000	0.000000	0.716287	0.383170	0.258810
66	scene 2	3.972251	auc	0.702413	0.495217	0.454092	0.700611	0.714095	0.713531
66	scene 3	3.972251	ndcg	0.500661	0.000000	0.000000	0.534177	0.348136	0.139622
66	scene 4	3.972251	auc	0.684075	0.516404	0.547538	0.679567	0.697288	0.697288
66	scene 4	3.972251	ndcg	0.742169	0.000000	0.000000	0.864315	0.777872	0.563246
67	total scene	4.055465	auc	0.732629	0.529198	0.535746	0.735000	0.735604	0.717344
67	total scene	4.055465	ndcg	0.611756	0.000000	0.000000	1.000000	0.463927	0.662114
67	scene 1	3.971680	auc	0.503135	0.449929	0.376192	0.503303	0.501653	0.501007
67	scene 1	3.971680	ndcg	0.000000	0.000000	0.000000	0.000000	0.000000	0.000000
67	scene 2	3.971680	auc	0.695129	0.491086	0.500234	0.686226	0.699475	0.694963
67	scene 1	3.971680	ndcg	0.221285	0.000000	0.000000	0.716287	0.383170	0.258810
67	scene 2	3.971680	auc	0.703621	0.501558	0.464464	0.702911	0.713904	0.708589
67	scene 3	3.971680	ndcg	0.531760	0.000000	0.000000	0.534177	0.347912	0.139642
67	scene 4	3.971680	auc	0.684485	0.521868	0.564465	0.679866	0.698158	0.698158
67	scene 4	3.971680	ndcg	0.738555	0.000000	0.000000	0.864315	0.777872	0.486642
68	total scene	4.055511	auc	0.735575	0.527160	0.529774	0.730794	0.732954	0.720174
68	total scene	4.055511	ndcg	0.784982	0.000000	0.000000	0.779908	0.611474	0.690648
68	scene 1	3.971895	auc	0.503606	0.451544	0.384570	0.502478	0.501466	0.501905
68	scene 1	3.971895	ndcg	0.000000	0.000000	0.000000	0.000000	0.000000	0.000000
68	scene 2	3.971895	auc	0.696767	0.489646	0.496488	0.683828	0.697724	0.697220
68	scene 1	3.971895	ndcg	0.223231	0.000000	0.000000	0.716287	0.383170	0.258810
68	scene 2	3.971895	auc	0.704543	0.501087	0.459628	0.700727	0.711878	0.711150
68	scene 3	3.971895	ndcg	0.484740	0.000000	0.000000	0.534177	0.348428	0.139618
68	scene 4	3.971895	auc	0.686504	0.518178	0.546673	0.679274	0.697545	0.697545
68	scene 4	3.971895	ndcg	0.738557	0.000000	0.000000	0.864315	0.777872	0.494356
69	total scene	4.055505	auc	0.728509	0.530694	0.533416	0.733182	0.735445	0.712530
69	total scene	4.055505	ndcg	0.785916	0.000000	0.000000	0.631144	0.716485	0.440067
69	scene 1	3.971488	auc	0.501367	0.452314	0.380450	0.502003	0.502127	0.502022
69	scene 1	3.971488	ndcg	0.000000	0.000000	0.000000	0.000000	0.000000	0.000000
69	scene 2	3.971488	auc	0.692708	0.492423	0.498001	0.685240	0.699286	0.690900
69	scene 1	3.971488	ndcg	0.221345	0.000000	0.000000	0.716287	0.383170	0.258810
69	scene 2	3.971488	auc	0.700976	0.499186	0.461830	0.701161	0.714234	0.705577
69	scene 3	3.971488	ndcg	0.623041	0.000000	0.000000	0.534177	0.347941	0.139620
69	scene 4	3.971488	auc	0.682448	0.522404	0.559930	0.678005	0.698041	0.698041
69	scene 4	3.971488	ndcg	0.738655	0.000000	0.000000	0.864315	0.777872	0.559445
70	total scene	4.055277	auc	0.731544	0.534877	0.541989	0.732015	0.737501	0.710813
70	total scene	4.055277	ndcg	0.936379	0.000000	0.000000	0.914857	0.914857	0.768227
70	scene 1	3.971527	auc	0.502477	0.456724	0.388993	0.502566	0.502791	0.500458
70	scene 1	3.971527	ndcg	0.000000	0.000000	0.000000	0.000000	0.000000	0.000000
70	scene 2	3.971527	auc	0.694087	0.494423	0.505252	0.684422	0.700247	0.689266
70	scene 1	3.971527	ndcg	0.221205	0.000000	0.000000	0.716287	0.383170	0.258810
70	scene 2	3.971527	auc	0.702925	0.503987	0.460804	0.700501	0.715149	0.706316
70	scene 3	3.971527	ndcg	0.486071	0.000000	0.000000	0.534177	0.390491	0.139618
70	scene 4	3.971527	auc	0.683177	0.524056	0.567844	0.678141	0.698498	0.698498
70	scene 4	3.971527	ndcg	0.738622	0.000000	0.000000	0.864315	0.777872	0.539008
71	total scene	4.055751	auc	0.728832	0.530682	0.540233	0.723959	0.734548	0.712154
71	total scene	4.055751	ndcg	0.423677	0.000000	0.000000	0.826333	0.591464	0.841493
71	scene 1	3.971161	auc	0.502898	0.453944	0.387192	0.500731	0.502279	0.501182
71	scene 1	3.971161	ndcg	0.000000	0.000000	0.000000	0.000000	0.000000	0.000000
71	scene 2	3.971161	auc	0.692709	0.491460	0.505098	0.680352	0.698597	0.690575
71	scene 1	3.971161	ndcg	0.226900	0.000000	0.000000	0.716287	0.383170	0.258810
71	scene 2	3.971161	auc	0.701360	0.500171	0.460000	0.696300	0.713344	0.705815
71	scene 3	3.971161	ndcg	0.484852	0.000000	0.000000	0.534177	0.439184	0.139618
71	scene 4	3.971161	auc	0.683035	0.519219	0.555399	0.674967	0.696625	0.696625
71	scene 4	3.971161	ndcg	0.739823	0.000000	0.000000	0.864315	0.777876	0.553287
72	total scene	4.055592	auc	0.729385	0.527602	0.529643	0.729887	0.731196	0.714055
72	total scene	4.055592	ndcg	0.641046	0.000000	0.000000	0.820523	0.841591	0.731447
72	scene 1	3.971290	auc	0.502103	0.450458	0.377510	0.501829	0.501399	0.501094
72	scene 1	3.971290	ndcg	0.000000	0.000000	0.000000	0.000000	0.000000	0.000000
72	scene 2	3.971290	auc	0.692851	0.489910	0.497853	0.683485	0.696632	0.692011
72	scene 1	3.971290	ndcg	0.221196	0.000000	0.000000	0.716287	0.383170	0.258810
72	scene 2	3.971290	auc	0.700220	0.498045	0.441726	0.699598	0.710964	0.710073
72	scene 3	3.971290	ndcg	0.596268	0.000000	0.000000	0.534177	0.348203	0.139619
72	scene 4	3.971290	auc	0.683413	0.521050	0.547426	0.678138	0.696798	0.696798
72	scene 4	3.971290	ndcg	0.738556	0.000000	0.000000	0.864315	0.777872	0.486401
73	total scene	4.055435	auc	0.726487	0.513829	0.525883	0.734876	0.734294	0.708580
73	total scene	4.055435	ndcg	0.841493	0.000000	0.000000	0.820068	0.731545	0.848238
73	scene 1	3.971305	auc	0.500060	0.445052	0.374334	0.502949	0.501351	0.501328
73	scene 1	3.971305	ndcg	0.000000	0.000000	0.000000	0.000000	0.000000	0.000000
73	scene 2	3.971305	auc	0.691278	0.480566	0.495224	0.685962	0.698529	0.687374
73	scene 1	3.971305	ndcg	0.221210	0.000000	0.000000	0.716287	0.383170	0.258810
73	scene 2	3.971305	auc	0.698948	0.484924	0.438527	0.701091	0.711877	0.702536
73	scene 3	3.971305	ndcg	0.484851	0.000000	0.000000	0.534177	0.428401	0.139618
73	scene 4	3.971305	auc	0.682119	0.510729	0.548788	0.679748	0.697180	0.697180
73	scene 4	3.971305	ndcg	0.738557	0.000000	0.000000	0.864315	0.777962	0.561524
74	total scene	4.055377	auc	0.723931	0.538726	0.545980	0.728098	0.731713	0.708178
74	total scene	4.055377	ndcg	0.631342	0.000000	0.000000	0.728086	0.701510	0.385893
74	scene 1	3.970763	auc	0.501165	0.460486	0.382390	0.501797	0.500989	0.501936
74	scene 1	3.970763	ndcg	0.000000	0.000000	0.000000	0.000000	0.000000	0.000000
74	scene 2	3.970763	auc	0.689691	0.499027	0.510509	0.682729	0.696809	0.687087
74	scene 1	3.970763	ndcg	0.221210	0.000000	0.000000	0.716287	0.383170	0.258810
74	scene 2	3.970763	auc	0.697143	0.505194	0.473839	0.699275	0.710914	0.703385
74	scene 3	3.970763	ndcg	0.497397	0.000000	0.000000	0.534177	0.387420	0.139620
74	scene 4	3.970763	auc	0.681583	0.527682	0.570161	0.678495	0.696342	0.696342
74	scene 4	3.970763	ndcg	0.738556	0.000000	0.000000	0.864315	0.777872	0.489360
75	total scene	4.056918	auc	0.729112	0.531137	0.537906	0.727915	0.732241	0.709304
75	total scene	4.056918	ndcg	0.751092	0.066254	0.000000	0.665193	0.567682	0.711618
75	scene 1	3.970848	auc	0.501458	0.458819	0.382339	0.501144	0.501137	0.501820
75	scene 1	3.970848	ndcg	0.000000	0.000000	0.000000	0.000000	0.000000	0.000000
75	scene 2	3.970848	auc	0.692823	0.493327	0.504301	0.682289	0.696929	0.687847
75	scene 1	3.970848	ndcg	0.236959	0.000000	0.000000	0.716287	0.383170	0.258810
75	scene 2	3.970848	auc	0.702513	0.494066	0.453527	0.699933	0.711712	0.705503
75	scene 3	3.970848	ndcg	0.621776	0.000000	0.000000	0.534177	0.439588	0.139695
75	scene 4	3.970848	auc	0.682148	0.520253	0.555188	0.676183	0.694799	0.694799
75	scene 4	3.970848	ndcg	0.738559	0.000000	0.000000	0.864315	0.777872	0.563109
76	total scene	4.055809	auc	0.730011	0.521991	0.525361	0.735239	0.732164	0.708163
76	total scene	4.055809	ndcg	0.905212	0.000000	0.000000	0.914857	0.787774	0.656303
76	scene 1	3.970717	auc	0.501498	0.452229	0.388906	0.502121	0.500479	0.502023
76	scene 1	3.970717	ndcg	0.000000	0.000000	0.000000	0.000000	0.000000	0.000000
76	scene 2	3.970717	auc	0.693517	0.486484	0.495007	0.686019	0.697060	0.686793
76	scene 1	3.970717	ndcg	0.221502	0.000000	0.000000	0.716287	0.383170	0.258810
76	scene 2	3.970717	auc	0.701804	0.491293	0.428750	0.702758	0.711155	0.704671
76	scene 3	3.970717	ndcg	0.485193	0.000000	0.000000	0.534177	0.427072	0.139618
76	scene 4	3.970717	auc	0.683296	0.515320	0.547802	0.679350	0.697235	0.697235
76	scene 4	3.970717	ndcg	0.738590	0.000000	0.000000	0.864315	0.777872	0.563097
77	total scene	4.055681	auc	0.729638	0.515525	0.517416	0.728938	0.733967	0.707885
77	total scene	4.055681	ndcg	0.542325	0.000000	0.000000	0.841591	0.665291	0.715551
77	scene 1	3.970699	auc	0.502100	0.449126	0.381215	0.501885	0.501887	0.501212
77	scene 1	3.970699	ndcg	0.000000	0.000000	0.000000	0.000000	0.000000	0.000000
77	scene 2	3.970699	auc	0.693342	0.483937	0.488974	0.683109	0.698203	0.686654
77	scene 1	3.970699	ndcg	0.221194	0.000000	0.000000	0.716287	0.383170	0.258810
77	scene 2	3.970699	auc	0.702321	0.483202	0.416161	0.700711	0.713596	0.703204
77	scene 3	3.970699	ndcg	0.484720	0.000000	0.000000	0.534177	0.436788	0.139618
77	scene 4	3.970699	auc	0.683399	0.516755	0.552109	0.677716	0.697833	0.697833
77	scene 4	3.970699	ndcg	0.738557	0.000000	0.000000	0.864315	0.777872	0.527752
78	total scene	4.056145	auc	0.723673	0.527979	0.535701	0.733526	0.728829	0.709355
78	total scene	4.056145	ndcg	0.779171	0.000000	0.000000	1.000000	0.838957	0.306337
78	scene 1	3.970595	auc	0.500878	0.455090	0.388244	0.502383	0.500414	0.501994
78	scene 1	3.970595	ndcg	0.000000	0.000000	0.000000	0.000000	0.000000	0.000000
78	scene 2	3.970595	auc	0.689532	0.492353	0.502850	0.685240	0.695007	0.688209
78	scene 1	3.970595	ndcg	0.221212	0.000000	0.000000	0.716287	0.383170	0.258810
78	scene 2	3.970595	auc	0.695734	0.493645	0.447708	0.701379	0.708071	0.702911
78	scene 3	3.970595	ndcg	0.484712	0.000000	0.000000	0.534177	0.441992	0.139618
78	scene 4	3.970595	auc	0.679857	0.525265	0.563820	0.678398	0.695197	0.695197
78	scene 4	3.970595	ndcg	0.738557	0.000000	0.000000	0.864315	0.777873	0.485241
79	total scene	4.056136	auc	0.726554	0.524652	0.535288	0.727454	0.724824	0.706400
79	total scene	4.056136	ndcg	0.677728	0.000000	0.000000	1.000000	0.857205	0.496676
79	scene 1	3.970403	auc	0.501296	0.453702	0.385802	0.502035	0.499781	0.502110
79	scene 1	3.970403	ndcg	0.000000	0.000000	0.000000	0.000000	0.000000	0.000000
79	scene 2	3.970403	auc	0.691456	0.489731	0.503489	0.682264	0.692156	0.685345
79	scene 1	3.970403	ndcg	0.221193	0.000000	0.000000	0.716287	0.383170	0.258810
79	scene 2	3.970403	auc	0.699814	0.496615	0.449762	0.698442	0.705174	0.702021
79	scene 3	3.970403	ndcg	0.485147	0.000000	0.000000	0.534177	0.442406	0.139619
79	scene 4	3.970403	auc	0.682312	0.522010	0.568741	0.677622	0.694531	0.694531
79	scene 4	3.970403	ndcg	0.738557	0.000000	0.000000	0.864315	0.777874	0.544010
80	total scene	4.055602	auc	0.721400	0.514393	0.533741	0.730852	0.726394	0.705609
80	total scene	4.055602	ndcg	0.621401	0.000000	0.000000	0.628511	0.795166	0.752969
80	scene 1	3.970478	auc	0.501064	0.447002	0.392287	0.502153	0.500982	0.501820
80	scene 1	3.970478	ndcg	0.000000	0.000000	0.000000	0.000000	0.000000	0.000000
80	scene 2	3.970478	auc	0.688194	0.482265	0.501592	0.683895	0.693287	0.684912
80	scene 1	3.970478	ndcg	0.221194	0.000000	0.000000	0.716287	0.383170	0.258810
80	scene 2	3.970478	auc	0.696087	0.490995	0.447247	0.700262	0.706952	0.700939
80	scene 3	3.970478	ndcg	0.484713	0.000000	0.000000	0.534177	0.348965	0.139618
80	scene 4	3.970478	auc	0.678889	0.512267	0.559253	0.678367	0.695431	0.695431
80	scene 4	3.970478	ndcg	0.738557	0.000000	0.000000	0.864315	0.777872	0.563013
81	total scene	4.055450	auc	0.726021	0.511100	0.522147	0.725280	0.723666	0.707122
81	total scene	4.055450	ndcg	0.706544	0.000000	0.000000	0.864315	0.681206	1.000000
81	scene 1	3.970123	auc	0.500664	0.446244	0.375843	0.501473	0.499839	0.501009
81	scene 1	3.970123	ndcg	0.000000	0.000000	0.000000	0.000000	0.000000	0.000000
81	scene 2	3.970123	auc	0.690919	0.481508	0.493792	0.680659	0.691317	0.685910
81	scene 1	3.970123	ndcg	0.221342	0.000000	0.000000	0.716287	0.383170	0.258810
81	scene 2	3.970123	auc	0.697616	0.488747	0.440216	0.695999	0.704663	0.702844
81	scene 3	3.970123	ndcg	0.486407	0.000000	0.000000	0.534177	0.347950	0.139789
81	scene 4	3.970123	auc	0.682158	0.510318	0.552499	0.676663	0.696631	0.696631
81	scene 4	3.970123	ndcg	0.738560	0.000000	0.000000	0.864315	0.777872	0.561961
82	total scene	4.055818	auc	0.729453	0.524186	0.537242	0.727236	0.727074	0.702919
82	total scene	4.055818	ndcg	0.692985	0.000000	0.000000	0.816590	1.000000	0.477504
82	scene 1	3.970071	auc	0.501316	0.457504	0.379886	0.501710	0.499305	0.500371
82	scene 1	3.970071	ndcg	0.000000	0.000000	0.000000	0.000000	0.000000	0.000000
82	scene 2	3.970071	auc	0.693130	0.489366	0.504543	0.682185	0.693587	0.682268
82	scene 1	3.970071	ndcg	0.221194	0.000000	0.000000	0.716287	0.383170	0.258810
82	scene 2	3.970071	auc	0.700407	0.497485	0.463795	0.698452	0.709434	0.700606
82	scene 3	3.970071	ndcg	0.529485	0.000000	0.000000	0.534177	0.349233	0.139620
82	scene 4	3.970071	auc	0.683840	0.520565	0.557254	0.677776	0.695320	0.695320
82	scene 4	3.970071	ndcg	0.738556	0.000000	0.000000	0.864315	0.777872	0.555397
83	total scene	4.055646	auc	0.722791	0.523451	0.534793	0.720320	0.728686	0.702824
83	total scene	4.055646	ndcg	0.713654	0.000000	0.000000	0.889954	0.905212	0.708441
83	scene 1	3.969901	auc	0.500839	0.454732	0.383483	0.500019	0.499364	0.500663
83	scene 1	3.969901	ndcg	0.000000	0.000000	0.000000	0.000000	0.000000	0.000000
83	scene 2	3.969901	auc	0.688928	0.489569	0.502970	0.678190	0.694743	0.682263
83	scene 1	3.969901	ndcg	0.221194	0.000000	0.000000	0.716287	0.383170	0.258810
83	scene 2	3.969901	auc	0.696486	0.494313	0.453943	0.693480	0.709040	0.697855
83	scene 3	3.969901	ndcg	0.618509	0.000000	0.000000	0.534177	0.385390	0.139618
83	scene 4	3.969901	auc	0.681712	0.520005	0.557447	0.676318	0.696271	0.696271
83	scene 4	3.969901	ndcg	0.738557	0.000000	0.000000	0.864315	0.777872	0.484929
84	total scene	4.056096	auc	0.728870	0.551109	0.551577	0.720073	0.726468	0.704906
84	total scene	4.056096	ndcg	0.936379	0.000000	0.000000	0.697596	0.820523	0.602328
84	scene 1	3.969909	auc	0.501794	0.477851	0.392564	0.500642	0.499992	0.501994
84	scene 1	3.969909	ndcg	0.000000	0.000000	0.000000	0.000000	0.000000	0.000000
84	scene 2	3.969909	auc	0.692510	0.510595	0.515588	0.677874	0.693252	0.684083
84	scene 1	3.969909	ndcg	0.221193	0.000000	0.000000	0.716287	0.383170	0.258810
84	scene 2	3.969909	auc	0.701319	0.518873	0.489434	0.692686	0.708129	0.700949
84	scene 3	3.969909	ndcg	0.557820	0.000000	0.000000	0.534177	0.375899	0.139618
84	scene 4	3.969909	auc	0.682434	0.542823	0.572671	0.673800	0.695111	0.695111
84	scene 4	3.969909	ndcg	0.738549	0.000000	0.000000	0.864315	0.777872	0.484786
85	total scene	4.055572	auc	0.729051	0.523165	0.534895	0.724026	0.725893	0.699646
85	total scene	4.055572	ndcg	0.889954	0.000000	0.000000	0.271089	0.583716	0.580602
85	scene 1	3.969710	auc	0.501161	0.462346	0.381081	0.501353	0.498799	0.500545
85	scene 1	3.969710	ndcg	0.000000	0.000000	0.000000	0.000000	0.000000	0.000000
85	scene 2	3.969710	auc	0.692658	0.490277	0.505021	0.680085	0.692849	0.679492
85	scene 1	3.969710	ndcg	0.221194	0.000000	0.000000	0.716287	0.383170	0.258810
85	scene 2	3.969710	auc	0.700200	0.501520	0.458467	0.695513	0.706035	0.696944
85	scene 3	3.969710	ndcg	0.621572	0.000000	0.000000	0.534177	0.372593	0.139618
85	scene 4	3.969710	auc	0.682670	0.521850	0.558446	0.676081	0.695111	0.695111
85	scene 4	3.969710	ndcg	0.742694	0.000000	0.000000	0.864315	0.777872	0.543675
86	total scene	4.055606	auc	0.721811	0.524154	0.535200	0.723699	0.726086	0.698733
86	total scene	4.055606	ndcg	0.800694	0.000000	0.000000	0.710477	0.794883	0.796761
86	scene 1	3.969537	auc	0.501064	0.452323	0.382190	0.501533	0.499154	0.500837
86	scene 1	3.969537	ndcg	0.000000	0.000000	0.000000	0.000000	0.000000	0.000000
86	scene 2	3.969537	auc	0.688464	0.487435	0.500672	0.680213	0.693088	0.678612
86	scene 1	3.969537	ndcg	0.221193	0.000000	0.000000	0.716287	0.383170	0.258810
86	scene 2	3.969537	auc	0.694489	0.499351	0.464003	0.695462	0.707263	0.697731
86	scene 3	3.969537	ndcg	0.545977	0.000000	0.000000	0.534177	0.348468	0.139618
86	scene 4	3.969537	auc	0.680931	0.516520	0.558948	0.676522	0.694595	0.694595
86	scene 4	3.969537	ndcg	0.738555	0.000000	0.000000	0.864315	0.777872	0.527395
87	total scene	4.054955	auc	0.725619	0.531822	0.529861	0.723590	0.725069	0.696178
87	total scene	4.054955	ndcg	0.747159	0.000000	0.000000	0.791706	0.395315	0.293416
87	scene 1	3.969498	auc	0.500756	0.459081	0.389973	0.500703	0.499006	0.500925
87	scene 1	3.969498	ndcg	0.000000	0.000000	0.000000	0.000000	0.000000	0.000000
87	scene 2	3.969498	auc	0.690757	0.494273	0.496760	0.680160	0.692333	0.676407
87	scene 1	3.969498	ndcg	0.221193	0.000000	0.000000	0.716287	0.383170	0.258810
87	scene 2	3.969498	auc	0.697977	0.504561	0.453184	0.694891	0.704997	0.693568
87	scene 3	3.969498	ndcg	0.487767	0.000000	0.000000	0.534177	0.347965	0.139618
87	scene 4	3.969498	auc	0.681846	0.525072	0.559768	0.675489	0.694179	0.694179
87	scene 4	3.969498	ndcg	0.810501	0.000000	0.000000	0.864315	0.777872	0.485720
88	total scene	4.055384	auc	0.723637	0.525708	0.528105	0.729323	0.721079	0.698608
88	total scene	4.055384	ndcg	0.716768	0.000000	0.000000	0.845426	0.596517	0.454479
88	scene 1	3.969413	auc	0.500625	0.456812	0.394068	0.501887	0.498645	0.500895
88	scene 1	3.969413	ndcg	0.000000	0.000000	0.000000	0.000000	0.000000	0.000000
88	scene 2	3.969413	auc	0.689394	0.489437	0.494635	0.683230	0.689621	0.678372
88	scene 1	3.969413	ndcg	0.221203	0.000000	0.000000	0.716287	0.383170	0.258810
88	scene 2	3.969413	auc	0.696223	0.496566	0.451845	0.698317	0.702825	0.697472
88	scene 3	3.969413	ndcg	0.528234	0.000000	0.000000	0.534177	0.391230	0.139618
88	scene 4	3.969413	auc	0.680145	0.520917	0.564622	0.678214	0.693977	0.693977
88	scene 4	3.969413	ndcg	0.823698	0.000000	0.000000	0.864315	0.777872	0.558032
89	total scene	4.056554	auc	0.722779	0.526236	0.540019	0.727686	0.721193	0.699767
89	total scene	4.056554	ndcg	0.517461	0.000000	0.000000	0.921602	0.655548	0.779908
89	scene 1	3.969417	auc	0.500430	0.460118	0.391641	0.501620	0.498520	0.500983
89	scene 1	3.969417	ndcg	0.000000	0.000000	0.000000	0.000000	0.000000	0.000000
89	scene 2	3.969417	auc	0.688800	0.489955	0.503238	0.682238	0.689495	0.679483
89	scene 1	3.969417	ndcg	0.221193	0.000000	0.000000	0.716287	0.383170	0.258810
89	scene 2	3.969417	auc	0.696388	0.495910	0.473304	0.697609	0.703067	0.695114
89	scene 3	3.969417	ndcg	0.486466	0.000000	0.000000	0.534177	0.347912	0.139618
89	scene 4	3.969417	auc	0.680208	0.517843	0.572093	0.676677	0.692257	0.692257
89	scene 4	3.969417	ndcg	0.823616	0.000000	0.000000	0.864315	0.777873	0.636418
90	total scene	4.056588	auc	0.727159	0.524856	0.540544	0.725280	0.725201	0.699324
90	total scene	4.056588	ndcg	0.936379	0.000000	0.000000	0.866948	0.489284	0.845426
90	scene 1	3.969468	auc	0.500888	0.457620	0.392718	0.501412	0.497958	0.500953
90	scene 1	3.969468	ndcg	0.000000	0.000000	0.000000	0.000000	0.000000	0.000000
90	scene 2	3.969468	auc	0.691396	0.491297	0.505379	0.680549	0.692193	0.679241
90	scene 1	3.969468	ndcg	0.221195	0.000000	0.000000	0.716287	0.383170	0.258810
90	scene 2	3.969468	auc	0.698851	0.496016	0.472143	0.695418	0.706772	0.693782
90	scene 3	3.969468	ndcg	0.484714	0.000000	0.000000	0.534177	0.347912	0.139618
90	scene 4	3.969468	auc	0.681553	0.522710	0.576064	0.675063	0.694080	0.694080
90	scene 4	3.969468	ndcg	0.823700	0.000000	0.000000	0.864315	0.777872	0.629726
91	total scene	4.055617	auc	0.728760	0.523533	0.537590	0.724904	0.727113	0.704548
91	total scene	4.055617	ndcg	0.642942	0.000000	0.000000	0.933746	0.745302	0.681681
91	scene 1	3.969447	auc	0.500704	0.457592	0.393011	0.501503	0.498437	0.501445
91	scene 1	3.969447	ndcg	0.000000	0.000000	0.000000	0.000000	0.000000	0.000000
91	scene 2	3.969447	auc	0.692731	0.489077	0.502979	0.680868	0.693786	0.683516
91	scene 1	3.969447	ndcg	0.221194	0.000000	0.000000	0.716287	0.383170	0.258810
91	scene 2	3.969447	auc	0.700028	0.492736	0.462262	0.696005	0.706023	0.701448
91	scene 3	3.969447	ndcg	0.484895	0.000000	0.000000	0.534177	0.347912	0.139622
91	scene 4	3.969447	auc	0.683401	0.521722	0.571416	0.676056	0.695061	0.695061
91	scene 4	3.969447	ndcg	0.823700	0.000000	0.000000	0.864315	0.777872	0.560443
92	total scene	4.056685	auc	0.719507	0.528707	0.542729	0.718970	0.725260	0.700566
92	total scene	4.056685	ndcg	0.545521	0.000000	0.000000	0.936379	0.637889	0.779908
92	scene 1	3.968651	auc	0.500166	0.463604	0.396890	0.500139	0.498136	0.500083
92	scene 1	3.968651	ndcg	0.000000	0.000000	0.000000	0.000000	0.000000	0.000000
92	scene 2	3.968651	auc	0.686594	0.492727	0.507938	0.677180	0.692280	0.680127
92	scene 1	3.968651	ndcg	0.221193	0.000000	0.000000	0.716287	0.383170	0.258810
92	scene 2	3.968651	auc	0.692066	0.502176	0.473140	0.692570	0.706209	0.697109
92	scene 3	3.968651	ndcg	0.522566	0.000000	0.000000	0.534177	0.347914	0.139681
92	scene 4	3.968651	auc	0.678554	0.526690	0.579309	0.672836	0.694501	0.694501
92	scene 4	3.968651	ndcg	0.823700	0.000000	0.000000	0.864315	0.777872	0.505137
93	total scene	4.055811	auc	0.719592	0.524336	0.537122	0.721182	0.713824	0.690944
93	total scene	4.055811	ndcg	1.000000	0.000000	0.000000	1.000000	0.669862	0.558260
93	scene 1	3.969015	auc	0.501086	0.463531	0.387906	0.500820	0.498875	0.500374
93	scene 1	3.969015	ndcg	0.000000	0.000000	0.000000	0.000000	0.000000	0.000000
93	scene 2	3.969015	auc	0.687013	0.491788	0.505086	0.678816	0.684165	0.671754
93	scene 1	3.969015	ndcg	0.221193	0.000000	0.000000	0.716287	0.383170	0.258810
93	scene 2	3.969015	auc	0.692415	0.504080	0.467455	0.693699	0.698475	0.689769
93	scene 3	3.969015	ndcg	0.485026	0.000000	0.000000	0.534177	0.347921	0.139771
93	scene 4	3.969015	auc	0.679265	0.526673	0.569292	0.675305	0.690868	0.690868
93	scene 4	3.969015	ndcg	0.823692	0.000000	0.000000	0.864315	0.777872	0.554980
94	total scene	4.054957	auc	0.721956	0.511943	0.529895	0.725755	0.721700	0.693887
94	total scene	4.054957	ndcg	0.742125	0.000000	0.000000	0.616367	0.496393	0.700773
94	scene 1	3.969063	auc	0.500072	0.455388	0.390050	0.501144	0.498372	0.500258
94	scene 1	3.969063	ndcg	0.000000	0.000000	0.000000	0.000000	0.000000	0.000000
94	scene 2	3.969063	auc	0.688603	0.482801	0.498596	0.681608	0.689948	0.674276
94	scene 1	3.969063	ndcg	0.221193	0.000000	0.000000	0.716287	0.383170	0.258810
94	scene 2	3.969063	auc	0.694160	0.495787	0.461101	0.695791	0.703287	0.692528
94	scene 3	3.969063	ndcg	0.484802	0.000000	0.000000	0.534177	0.348498	0.139619
94	scene 4	3.969063	auc	0.681609	0.517114	0.568916	0.677866	0.695117	0.695117
94	scene 4	3.969063	ndcg	0.823576	0.000000	0.000000	0.864315	0.777872	0.490150
95	total scene	4.056080	auc	0.719419	0.541497	0.540988	0.723613	0.721036	0.702039
95	total scene	4.056080	ndcg	0.411250	0.000000	0.000000	1.000000	0.831848	0.416382
95	scene 1	3.968657	auc	0.499972	0.473652	0.388696	0.500284	0.498491	0.502081
95	scene 1	3.968657	ndcg	0.000000	0.000000	0.000000	0.000000	0.000000	0.000000
95	scene 2	3.968657	auc	0.686757	0.504694	0.508701	0.679670	0.689320	0.681380
95	scene 1	3.968657	ndcg	0.226235	0.000000	0.000000	0.716287	0.383170	0.258810
95	scene 2	3.968657	auc	0.691643	0.513177	0.481711	0.694654	0.702569	0.697478
95	scene 3	3.968657	ndcg	0.484735	0.000000	0.000000	0.534177	0.348623	0.139618
95	scene 4	3.968657	auc	0.679755	0.537524	0.573935	0.676518	0.693826	0.693826
95	scene 4	3.968657	ndcg	0.823700	0.000000	0.000000	0.864315	0.777872	0.484860
96	total scene	4.055800	auc	0.726467	0.518018	0.536729	0.723140	0.713839	0.696685
96	total scene	4.055800	ndcg	0.685120	0.000000	0.000000	0.779908	0.687017	0.571615
96	scene 1	3.968728	auc	0.501072	0.459440	0.386838	0.500789	0.498875	0.500837
96	scene 1	3.968728	ndcg	0.000000	0.000000	0.000000	0.000000	0.000000	0.000000
96	scene 2	3.968728	auc	0.691207	0.489072	0.505928	0.679838	0.684214	0.676774
96	scene 1	3.968728	ndcg	0.221218	0.000000	0.000000	0.716287	0.383170	0.258810
96	scene 2	3.968728	auc	0.698404	0.502513	0.473661	0.695156	0.699879	0.694556
96	scene 3	3.968728	ndcg	0.484850	0.000000	0.000000	0.534177	0.347921	0.139618
96	scene 4	3.968728	auc	0.681788	0.522608	0.572595	0.675817	0.691647	0.691647
96	scene 4	3.968728	ndcg	0.822128	0.000000	0.000000	0.864315	0.777872	0.563114
97	total scene	4.056264	auc	0.714644	0.509944	0.520935	0.717565	0.714618	0.696727
97	total scene	4.056264	ndcg	0.685120	0.000000	0.000000	0.640290	0.599694	1.000000
97	scene 1	3.968572	auc	0.500598	0.455125	0.383052	0.500794	0.498609	0.500691
97	scene 1	3.968572	ndcg	0.000000	0.000000	0.000000	0.000000	0.000000	0.000000
97	scene 2	3.968572	auc	0.683769	0.484637	0.495551	0.676632	0.684660	0.676926
97	scene 1	3.968572	ndcg	0.221197	0.000000	0.000000	0.716287	0.383170	0.258810
97	scene 2	3.968572	auc	0.687511	0.497266	0.450089	0.691543	0.701368	0.694109
97	scene 3	3.968572	ndcg	0.530525	0.000000	0.000000	0.534177	0.347912	0.139618
97	scene 4	3.968572	auc	0.677218	0.518230	0.558715	0.673566	0.690342	0.690342
97	scene 4	3.968572	ndcg	0.823018	0.000000	0.000000	0.864315	0.777872	0.559442
98	total scene	4.056273	auc	0.719398	0.506457	0.501012	0.718075	0.719476	0.691367
98	total scene	4.056273	ndcg	0.921602	0.000000	0.000000	0.571615	0.400023	0.705905
98	scene 1	3.968240	auc	0.500483	0.451989	0.367813	0.500645	0.498971	0.500808
98	scene 1	3.968240	ndcg	0.000000	0.000000	0.000000	0.000000	0.000000	0.000000
98	scene 2	3.968240	auc	0.686702	0.482662	0.482800	0.676833	0.688303	0.672104
98	scene 1	3.968240	ndcg	0.221230	0.000000	0.000000	0.716287	0.383170	0.258810
98	scene 2	3.968240	auc	0.691599	0.493835	0.424122	0.691199	0.702971	0.690854
98	scene 3	3.968240	ndcg	0.487873	0.000000	0.000000	0.534177	0.347986	0.139618
98	scene 4	3.968240	auc	0.679398	0.512059	0.537790	0.674423	0.692258	0.692258
98	scene 4	3.968240	ndcg	0.823672	0.000000	0.000000	0.864315	0.777872	0.547035
99	total scene	4.055879	auc	0.717338	0.522418	0.527022	0.723085	0.717619	0.694361
99	total scene	4.055879	ndcg	0.653049	0.000000	0.000000	0.476826	0.485716	0.522033
99	scene 1	3.968304	auc	0.500474	0.462934	0.383729	0.500256	0.498580	0.500925
99	scene 1	3.968304	ndcg	0.000000	0.000000	0.000000	0.000000	0.000000	0.000000
99	scene 2	3.968304	auc	0.685514	0.491807	0.498121	0.679533	0.686742	0.674767
99	scene 1	3.968304	ndcg	0.221591	0.000000	0.000000	0.716287	0.383170	0.258810
99	scene 2	3.968304	auc	0.689381	0.504229	0.459881	0.694799	0.702449	0.692452
99	scene 3	3.968304	ndcg	0.484715	0.000000	0.000000	0.534177	0.347985	0.139618
99	scene 4	3.968304	auc	0.678597	0.520798	0.560472	0.676132	0.692058	0.692058
99	scene 4	3.968304	ndcg	0.789344	0.000000	0.000000	0.864315	0.777872	0.560899
100	total scene	4.056102	auc	0.720796	0.504171	0.513356	0.723070	0.716627	0.696276
100	total scene	4.056102	ndcg	0.794883	0.000000	0.000000	0.921602	0.504541	0.614587
100	scene 1	3.968180	auc	0.500614	0.451342	0.376623	0.501086	0.498668	0.500691
100	scene 1	3.968180	ndcg	0.000000	0.000000	0.000000	0.000000	0.000000	0.000000
100	scene 2	3.968180	auc	0.687591	0.481447	0.489418	0.679566	0.686105	0.676312
100	scene 1	3.968180	ndcg	0.221193	0.000000	0.000000	0.716287	0.383170	0.258810
100	scene 2	3.968180	auc	0.691739	0.492447	0.442247	0.693354	0.701012	0.695514
100	scene 3	3.968180	ndcg	0.484722	0.000000	0.000000	0.534177	0.347912	0.139618
100	scene 4	3.968180	auc	0.679478	0.510822	0.552714	0.676114	0.691710	0.691710
100	scene 4	3.968180	ndcg	0.822928	0.000000	0.000000	0.864315	0.777872	0.494642
